100	97	94	99	98	96	93	92	91	95	90	85	89	88	87	84	82	83	79	81	80	86	78	77	76	71	74	75	72	73	69	68	67	66	65	70	64	57	63	62	60	59	55	61	58	56	54	52	50	48	53	51	49	47	44	46	45	40	42	39	43	41	36	38	32	33	35	31	37	34	28	27	30	25	29	26	22	21	20	24	18	23	17	13	12	16	15	19	14	10	11	4	7	9	8	6	5	3	2	1	
100	99	95	98	97	96	94	91	93	90	92	85	89	88	87	86	84	80	82	83	81	78	79	77	76	70	75	74	69	73	68	72	67	71	66	64	65	58	63	61	62	57	59	60	54	56	55	51	50	44	53	52	49	48	46	47	45	42	43	39	41	40	38	37	34	35	36	33	31	27	32	29	30	25	28	26	23	22	21	24	20	18	16	12	17	19	15	13	11	14	10	6	7	9	8	5	4	2	3	1	
99	100	98	97	95	96	94	92	93	91	89	82	88	90	87	85	84	80	79	83	81	86	76	78	77	69	74	75	73	72	71	70	67	68	66	64	65	60	63	61	62	59	56	57	53	58	55	54	50	43	52	51	49	48	46	47	45	44	41	39	42	40	38	37	28	35	36	34	31	32	33	30	26	29	23	22	27	25	24	20	18	19	15	14	16	21	11	17	10	9	12	4	13	7	6	5	8	3	1	2	
100	96	95	98	97	99	94	91	93	92	89	83	88	90	87	86	85	82	81	84	80	78	79	77	76	71	72	75	69	74	68	73	67	70	66	64	65	55	62	63	61	60	59	58	57	56	54	52	51	46	53	50	49	48	47	45	43	40	44	39	42	41	37	38	30	35	36	32	34	33	29	31	28	25	26	27	23	24	20	22	19	21	18	17	16	15	14	11	10	13	12	1	6	9	8	5	7	2	3	4	
100	97	96	99	95	98	94	89	93	90	92	86	91	88	87	85	83	79	84	82	80	81	76	78	77	74	75	73	71	72	69	67	68	70	66	64	63	61	62	65	60	58	56	59	57	55	54	52	51	47	53	49	50	48	43	46	45	44	42	40	41	39	38	36	34	32	37	31	33	35	27	30	29	26	28	25	22	20	19	24	18	23	17	15	13	16	14	21	8	12	9	11	6	7	5	4	10	2	3	1	
100	97	95	98	96	99	94	90	93	89	92	83	91	88	87	86	85	79	80	84	82	81	76	78	77	69	74	75	73	72	71	67	68	70	66	63	64	56	62	65	61	60	57	59	52	58	55	54	53	43	51	50	49	48	44	47	46	45	42	40	41	39	38	36	30	35	37	34	32	33	29	31	27	28	22	23	26	25	24	20	21	19	18	17	14	15	12	16	11	9	10	3	13	8	7	6	5	4	1	2	
100	98	95	99	97	96	94	90	93	92	91	86	88	89	87	85	83	80	84	82	81	79	76	78	77	71	72	75	70	74	67	68	66	73	65	69	64	56	63	61	62	60	57	58	53	59	55	54	51	48	52	49	50	47	45	46	42	39	44	38	41	40	37	43	28	35	36	34	31	33	32	30	27	29	24	26	25	22	21	23	20	18	17	16	19	15	13	11	10	12	14	2	6	9	7	5	8	4	1	3	
100	98	95	99	96	97	94	92	93	90	91	83	89	88	87	86	85	79	81	84	82	80	78	77	76	72	75	74	73	71	69	70	67	68	66	64	65	56	63	61	62	60	58	57	54	59	55	51	50	45	53	52	49	48	46	47	43	41	44	39	42	40	38	36	29	35	37	33	34	30	32	31	27	28	23	25	26	24	22	21	18	20	17	13	14	19	16	15	9	11	12	1	10	8	7	4	6	2	3	5	
100	98	96	97	95	99	94	90	93	92	91	89	87	88	86	85	84	82	79	83	80	81	76	78	77	70	74	75	73	72	71	67	69	68	66	63	64	56	62	65	61	59	57	60	54	58	55	51	50	46	53	52	49	48	43	47	45	44	40	42	39	38	37	41	29	35	36	34	32	25	33	31	28	30	26	22	24	27	23	20	18	19	17	13	14	21	16	9	15	11	12	1	8	10	6	5	7	4	3	2	
99	100	97	96	95	98	94	90	93	89	92	84	91	88	87	86	85	82	80	83	81	79	76	78	77	72	74	75	73	71	69	67	68	70	66	64	65	60	63	61	62	58	56	59	54	57	55	53	51	45	52	49	50	48	44	47	46	41	42	40	43	39	38	36	37	35	33	32	30	25	31	29	34	28	27	24	23	26	22	21	19	17	16	12	18	20	15	13	11	14	9	3	10	8	6	5	7	4	1	2	
99	100	98	97	96	95	94	92	93	91	90	83	88	89	87	86	85	80	81	84	82	79	77	78	76	71	74	75	72	73	70	67	69	68	66	65	64	56	63	62	61	60	58	57	52	59	55	54	53	44	51	49	50	48	42	47	46	45	38	41	39	37	35	43	33	36	34	32	40	31	30	29	26	27	22	24	28	25	23	21	19	20	18	17	16	15	14	10	13	11	12	1	7	8	6	5	9	3	4	2	
100	98	94	99	96	97	93	92	91	95	90	84	88	89	87	86	85	82	79	83	81	80	76	78	77	72	74	75	73	71	70	67	69	66	65	68	64	56	63	62	61	60	58	57	52	59	55	54	53	44	51	50	49	48	43	47	46	45	42	39	41	40	38	36	32	35	37	34	31	28	33	30	29	26	25	27	23	22	20	24	19	21	17	15	16	18	12	13	11	10	14	1	7	9	8	6	5	3	2	4	
100	96	95	98	97	99	94	91	93	92	89	83	88	90	87	86	85	80	81	84	82	79	76	78	77	68	73	75	70	74	69	72	67	71	66	64	65	55	63	62	61	60	58	59	56	57	54	52	51	44	53	49	50	48	43	47	46	45	40	42	41	39	38	36	30	35	37	33	34	27	31	32	29	28	23	22	26	25	24	21	18	20	17	12	16	19	15	13	10	14	11	3	8	9	7	6	5	4	1	2	
100	98	96	99	95	97	94	90	93	89	92	83	91	88	87	86	84	79	81	82	80	85	76	78	77	70	75	74	73	72	71	66	69	68	65	67	64	62	63	61	60	59	56	58	53	57	55	54	51	44	52	49	50	47	48	46	45	41	42	40	37	36	35	43	30	38	33	32	39	29	31	34	26	27	22	25	28	24	23	21	19	20	18	12	14	17	16	11	15	13	9	1	10	8	7	6	5	3	2	4	
100	97	96	98	95	99	94	92	93	91	90	83	88	89	87	86	85	79	81	84	82	80	78	77	76	69	75	74	73	72	71	70	68	67	66	64	65	55	62	63	60	59	56	61	58	57	54	52	50	45	53	51	49	48	47	46	43	40	44	39	42	41	37	38	29	35	36	34	33	25	32	31	28	30	26	22	24	27	23	19	21	18	17	13	12	20	16	14	15	10	11	1	7	9	8	6	5	4	2	3	
100	96	95	98	97	99	94	93	92	90	91	83	88	89	87	86	85	80	81	84	82	78	79	77	76	72	73	75	71	74	70	68	69	67	66	63	64	58	62	65	60	59	55	61	56	57	54	53	52	46	51	49	50	48	45	47	43	42	44	41	39	38	35	40	32	37	34	30	36	29	27	33	31	24	26	25	28	21	20	23	19	22	18	13	15	17	16	12	8	14	10	4	9	6	5	3	11	2	1	7	
100	97	96	98	95	99	94	89	92	93	91	85	90	88	87	86	84	81	80	83	82	79	75	78	76	77	74	73	71	72	70	66	69	68	65	64	63	57	62	67	61	60	56	59	52	58	55	54	53	45	51	49	50	48	44	47	46	39	41	37	43	40	36	42	33	38	35	34	32	27	31	29	30	28	25	26	22	24	21	23	19	20	18	17	16	15	13	9	12	11	14	1	8	10	7	6	5	4	3	2	
100	97	95	99	98	96	94	91	93	92	90	85	88	89	87	86	84	79	81	83	82	80	77	78	76	70	73	75	72	74	71	66	69	68	65	67	64	58	63	61	62	60	56	59	53	57	55	54	52	43	51	49	50	48	45	47	46	40	42	39	44	41	38	37	33	35	36	32	34	25	31	30	28	29	26	22	24	27	23	21	19	20	18	14	15	17	16	11	13	9	12	1	10	8	7	5	6	4	2	3	
100	98	97	99	96	95	94	91	93	89	92	84	90	88	87	86	85	81	79	83	82	80	76	78	77	70	73	75	72	74	71	67	69	68	66	65	63	60	62	64	59	58	61	57	54	56	55	51	50	47	53	52	49	48	43	46	45	44	41	42	40	39	38	37	28	35	36	34	31	33	32	30	27	29	24	23	25	26	21	22	19	20	17	11	16	18	15	12	14	13	10	3	7	9	5	4	8	2	1	6	
100	97	96	98	95	99	94	89	93	91	92	83	90	88	87	86	85	79	81	84	82	80	77	78	76	70	71	75	69	74	68	73	67	72	66	65	64	56	63	61	62	59	60	57	52	58	55	54	53	43	51	49	50	48	45	47	46	42	39	41	44	38	37	40	30	34	36	33	35	28	31	32	27	29	25	24	23	26	21	22	18	20	17	15	16	19	12	13	10	11	14	2	7	9	8	6	4	3	5	1	
100	95	94	99	98	97	93	90	92	96	91	82	89	88	87	86	85	80	79	83	81	84	78	77	76	72	74	75	73	70	68	66	65	69	64	71	63	59	62	67	61	60	56	57	52	58	55	54	53	47	51	49	50	48	46	45	43	42	44	39	41	40	38	37	32	34	35	30	36	31	29	33	27	28	22	23	25	26	24	19	20	18	17	13	15	21	16	9	11	14	12	1	7	10	8	6	5	4	2	3	
99	100	98	97	96	95	94	90	93	89	92	83	91	88	87	86	84	79	80	82	81	85	76	78	77	70	73	75	72	74	71	68	69	67	66	64	65	58	63	62	61	60	59	57	52	56	55	54	53	44	51	50	49	48	46	47	45	40	43	39	42	41	38	37	32	35	36	34	29	30	33	28	31	27	22	24	25	26	23	20	21	19	18	14	15	17	16	9	11	13	12	1	6	10	8	4	7	2	3	5	
100	99	98	97	96	95	94	90	93	91	92	85	88	89	87	86	84	81	79	83	82	80	77	78	76	70	73	75	72	74	71	67	69	68	66	65	64	58	63	61	62	60	56	57	54	59	55	52	51	46	53	49	50	48	45	47	44	42	43	39	41	40	38	36	33	32	37	30	34	35	29	31	28	25	23	27	26	24	22	20	18	19	16	13	17	21	15	12	10	14	11	2	8	9	7	6	5	4	1	3	
99	100	98	97	96	95	94	93	92	91	89	85	88	90	87	86	83	84	81	82	80	79	76	78	77	72	73	75	71	74	68	69	67	70	66	64	63	58	62	65	60	59	56	61	57	55	54	52	51	44	53	49	50	47	48	46	45	39	41	38	43	40	37	42	35	34	31	29	36	26	28	32	33	27	30	25	23	22	20	24	19	21	18	12	15	17	16	9	13	14	11	4	6	10	8	5	7	3	2	1	
100	99	98	96	95	97	94	90	93	89	92	83	91	88	87	86	85	79	81	84	80	82	77	78	76	69	74	75	73	72	70	71	67	68	66	64	63	59	62	65	61	60	56	58	52	57	55	54	53	43	51	50	49	47	48	46	45	44	38	42	40	37	36	41	29	34	35	33	39	31	32	30	27	26	23	21	28	25	24	20	22	19	18	14	13	17	16	12	15	9	10	1	11	8	7	6	5	3	2	4	
100	99	95	98	97	96	94	90	93	91	92	84	88	89	87	86	83	80	79	82	81	85	76	78	77	69	75	74	72	73	71	70	67	68	66	64	65	57	63	62	61	60	55	59	58	56	54	52	51	44	53	49	50	48	46	47	45	43	40	42	41	39	37	38	34	35	36	33	32	27	28	30	31	26	29	22	25	24	23	21	20	19	17	15	18	16	13	12	10	11	14	1	7	9	8	5	6	4	2	3	
99	100	97	96	95	98	94	89	93	91	92	84	90	88	87	86	85	79	80	83	82	81	76	78	77	70	74	75	73	72	71	67	69	68	66	64	65	59	63	61	62	60	56	57	53	58	55	54	51	43	52	49	50	48	45	47	46	44	40	42	41	39	38	36	31	35	37	30	34	32	28	33	27	26	24	22	29	25	23	21	19	20	18	14	15	17	16	9	11	13	12	3	7	10	8	6	5	2	1	4	
100	98	97	99	96	95	94	91	93	90	92	87	88	89	86	84	83	80	85	82	81	79	76	78	77	70	73	75	72	74	71	66	68	69	65	64	63	58	62	67	61	60	56	57	54	59	55	52	51	46	53	50	49	48	47	45	43	42	44	40	41	39	37	38	29	35	36	33	34	27	32	31	28	30	22	23	25	26	24	21	20	19	18	15	16	17	12	14	9	10	11	3	13	8	7	6	5	2	4	1	
100	97	96	99	95	98	94	91	92	93	90	84	89	88	87	86	85	83	79	82	81	80	77	78	76	70	73	75	72	74	71	68	69	67	66	64	65	57	63	61	62	60	56	58	52	59	55	54	53	45	51	49	50	48	47	46	44	40	43	39	42	41	38	37	35	36	31	30	33	27	29	28	34	26	32	25	23	24	21	22	20	18	17	15	13	19	16	11	14	12	10	5	8	9	7	6	4	2	1	3	
100	98	95	97	96	99	94	90	93	92	91	84	88	89	87	86	85	82	79	83	81	80	76	78	77	73	74	75	72	71	70	67	68	66	64	69	63	56	62	65	61	60	55	58	57	59	54	53	51	44	52	50	49	48	43	47	46	45	38	41	42	37	36	40	31	39	35	33	34	26	32	29	30	28	23	22	25	27	24	21	19	20	17	13	14	18	16	11	15	10	12	3	7	9	8	5	6	4	2	1	
99	100	97	98	96	95	94	92	90	93	89	84	88	91	87	86	85	81	80	83	82	78	79	77	76	72	71	75	70	73	68	74	67	69	66	64	63	65	62	60	59	58	61	57	53	56	55	54	52	43	51	50	49	47	48	46	45	42	41	38	44	40	37	39	31	34	36	33	32	35	28	30	29	27	24	23	26	25	21	22	19	20	18	15	14	17	16	9	13	11	12	1	8	10	7	6	4	3	5	2	
99	100	95	98	96	97	94	89	93	90	92	85	91	88	87	86	84	83	80	82	81	79	76	78	77	68	74	75	72	73	71	69	67	70	66	65	64	58	63	61	60	57	62	59	53	56	55	54	52	45	51	50	49	48	43	47	46	44	42	38	40	39	37	41	36	34	32	31	35	29	27	30	33	24	26	25	28	21	20	23	19	22	17	15	13	18	14	16	9	12	10	5	11	6	4	3	8	2	1	7	
99	100	96	98	95	97	94	89	93	91	92	83	90	88	87	86	85	80	81	84	82	79	76	78	77	68	75	74	71	73	69	70	67	72	66	65	64	61	63	60	62	59	56	57	54	58	55	52	51	45	53	49	50	48	47	46	44	43	40	41	42	39	38	36	31	34	37	30	35	32	27	33	28	26	23	21	29	25	24	20	22	19	18	16	17	15	12	13	10	9	14	4	11	8	7	6	3	2	5	1	
100	96	94	99	98	97	93	90	92	95	91	83	89	88	87	86	85	80	79	84	82	81	77	78	76	73	72	75	71	74	69	68	66	70	65	67	64	56	63	62	59	58	60	61	57	55	54	52	51	44	53	49	50	48	45	47	46	41	42	37	43	40	36	39	35	38	33	29	32	30	28	31	34	27	23	22	25	26	24	18	21	17	16	13	20	19	15	12	8	14	9	4	10	7	6	5	11	3	2	1	
100	97	96	99	98	95	94	90	93	89	92	84	91	88	87	86	85	81	79	83	80	82	78	77	75	69	74	73	72	71	70	76	68	67	66	62	63	65	61	64	59	58	56	60	53	57	55	54	52	46	51	49	50	48	44	47	45	41	42	40	43	39	38	37	29	35	34	33	36	27	31	32	28	30	22	25	24	26	23	20	18	19	17	11	15	21	16	12	13	14	10	1	8	9	7	6	5	2	4	3	
100	99	98	97	96	95	94	92	93	91	89	85	88	90	87	86	84	83	81	82	80	78	79	77	76	71	75	74	73	72	70	68	69	67	66	65	64	57	63	61	62	60	56	59	52	58	55	54	53	44	51	49	50	48	45	47	46	43	41	42	40	39	38	37	29	36	35	32	34	27	31	33	28	30	25	24	23	26	21	22	19	20	17	14	18	16	15	12	11	13	10	2	7	9	8	6	5	4	1	3	
100	99	98	97	96	95	93	92	91	94	90	84	88	89	87	86	85	81	79	83	82	80	76	78	77	74	72	75	71	73	70	69	68	67	66	64	65	58	63	61	62	60	56	57	53	59	55	54	52	47	51	49	50	48	45	46	44	42	41	40	43	38	37	39	31	35	36	34	30	33	32	29	28	25	26	27	23	22	21	24	19	20	18	17	15	16	14	11	13	10	12	6	8	9	7	5	3	2	4	1	
99	100	98	96	95	97	94	91	93	90	92	83	89	88	87	86	85	81	80	84	82	79	76	78	77	68	72	75	71	74	69	73	67	70	66	64	65	58	62	63	61	60	56	57	52	59	55	54	53	43	51	50	49	47	48	46	45	44	40	42	39	37	36	41	28	34	35	31	38	32	30	33	27	29	24	21	25	26	23	20	22	19	17	12	14	16	15	18	10	13	11	1	6	9	7	5	8	4	3	2	
100	96	95	99	98	97	94	91	92	93	89	84	88	90	87	85	82	83	79	81	80	86	78	77	76	74	75	73	72	70	68	71	67	69	66	64	65	57	63	61	62	59	56	60	53	58	55	54	51	52	49	48	47	46	41	45	44	43	40	39	38	37	35	50	34	42	33	32	36	27	29	31	30	25	28	22	26	24	23	20	19	18	17	15	14	21	16	9	11	12	13	1	6	10	7	5	8	2	3	4	
100	99	98	96	95	97	94	92	93	90	91	83	88	89	87	86	85	79	82	84	80	81	76	78	77	73	75	74	72	71	70	69	68	66	65	64	63	56	62	67	61	60	58	57	54	59	55	53	50	43	52	51	49	48	44	47	46	45	41	37	42	39	36	40	31	38	35	34	32	33	28	29	30	27	22	23	26	25	24	21	20	19	18	17	15	16	11	13	10	9	14	3	12	8	7	6	4	2	5	1	
100	99	96	98	95	97	94	89	93	90	92	83	91	88	87	86	84	79	80	82	81	85	76	78	77	72	73	75	71	70	69	74	68	67	66	65	64	57	63	61	62	58	60	59	54	56	55	53	52	44	51	50	49	48	46	47	45	43	41	42	40	39	38	36	37	35	33	32	28	29	31	27	34	26	30	25	23	22	21	24	20	18	17	14	13	19	16	9	15	11	12	2	6	10	7	5	8	3	4	1	
100	97	96	99	98	95	94	89	93	92	91	85	90	88	87	86	83	84	80	82	81	79	77	78	76	75	73	74	72	71	70	68	66	69	65	67	64	56	63	62	61	60	57	58	54	59	55	51	50	52	53	49	48	47	43	46	44	42	38	41	39	37	36	45	29	35	33	31	40	32	30	34	28	27	22	23	25	26	24	21	20	19	16	13	17	18	14	15	9	11	12	1	10	8	7	6	4	3	5	2	
100	98	95	97	96	99	94	93	92	91	89	88	87	90	86	85	84	83	81	82	80	79	77	78	76	72	74	75	73	71	70	67	69	66	65	68	64	55	63	61	62	60	58	59	57	56	54	51	50	43	53	52	49	48	45	47	46	40	42	37	44	38	36	41	35	39	34	33	31	27	30	29	32	28	23	21	25	26	24	19	22	17	16	15	20	18	13	9	12	11	14	3	7	10	8	6	5	4	2	1	
99	100	98	97	96	95	94	93	92	90	91	83	88	89	87	86	85	80	81	84	82	78	79	77	76	68	72	75	71	74	70	69	67	73	66	64	65	60	63	62	58	57	61	59	52	56	55	54	53	46	51	49	50	48	44	47	45	43	41	42	40	39	37	38	30	36	33	32	35	26	31	34	29	28	23	22	25	27	24	20	18	19	16	14	17	21	15	9	13	12	11	1	7	10	8	6	5	4	2	3	
100	97	95	99	98	96	94	91	92	93	90	83	89	88	87	86	85	82	79	84	81	80	76	78	77	69	74	75	72	73	71	67	68	70	66	64	65	60	63	59	61	58	62	57	53	56	55	54	52	47	51	49	50	48	44	46	43	42	40	38	39	37	36	45	34	41	35	32	30	33	28	29	31	27	25	26	22	21	19	24	17	23	16	14	15	18	11	20	10	9	12	1	13	8	6	5	7	4	3	2	
100	99	98	97	95	96	94	93	90	92	89	86	88	91	87	85	84	79	82	83	81	80	76	78	77	71	75	74	73	72	70	67	69	68	66	64	65	56	62	63	61	60	57	59	54	58	55	51	50	45	53	52	49	48	44	47	46	40	43	39	42	41	38	37	35	36	34	32	31	33	26	30	28	25	27	22	29	24	23	21	20	19	17	16	18	15	14	9	11	12	13	5	7	10	8	6	4	2	1	3	
100	99	98	97	95	96	94	89	93	90	92	86	91	88	87	85	84	80	81	83	82	79	76	78	77	69	74	75	73	72	71	70	68	67	66	65	64	58	63	62	61	60	56	59	54	57	55	52	51	46	53	49	50	48	45	47	44	42	41	40	43	39	38	35	37	34	36	33	32	27	29	30	31	28	24	22	26	25	23	21	20	19	18	17	14	16	15	9	13	11	12	6	5	10	8	4	7	3	1	2	
100	97	95	98	96	99	94	90	93	91	92	86	88	89	87	84	83	79	85	81	80	82	78	77	76	68	73	75	72	74	70	71	66	67	65	63	64	56	62	69	61	60	57	58	53	59	55	54	51	44	52	49	50	48	45	47	46	42	40	41	43	39	38	37	35	36	34	32	30	33	31	29	28	26	25	27	21	24	20	23	19	22	17	13	12	18	16	14	15	10	11	2	6	9	7	4	8	3	1	5	
100	98	97	99	95	96	94	92	93	91	90	86	89	88	87	84	83	79	85	81	80	82	78	77	76	72	73	75	71	74	70	67	69	68	66	64	63	58	62	65	61	60	59	57	52	56	55	54	53	43	51	49	50	47	48	46	45	42	41	40	44	37	36	39	32	35	34	33	38	27	28	29	31	25	30	26	23	24	20	22	19	21	18	12	15	17	16	9	14	13	11	7	5	10	8	3	6	2	1	4	
100	99	95	98	97	96	94	90	92	93	91	88	87	89	86	85	84	83	80	82	81	78	79	77	76	72	75	74	73	70	69	71	68	67	66	65	64	60	63	62	59	58	56	61	52	57	55	54	53	43	51	50	49	48	46	47	45	44	40	42	41	39	38	37	35	33	36	30	34	31	28	29	32	26	25	27	23	21	20	24	18	22	16	14	13	19	15	17	11	12	10	1	8	9	7	6	4	3	5	2	
100	99	95	97	96	98	94	91	93	90	92	86	88	89	87	84	83	79	85	81	80	82	76	78	77	71	75	74	73	72	69	70	68	67	66	64	65	57	63	61	62	60	56	58	52	59	55	54	53	43	51	49	50	48	46	47	45	41	42	39	44	40	38	37	33	35	36	34	31	25	32	30	29	28	26	24	22	27	21	23	20	18	17	15	19	16	14	13	11	9	12	5	10	8	7	6	4	2	1	3	
100	96	95	99	97	98	94	89	92	93	91	85	90	88	87	86	83	79	80	82	81	84	78	77	76	71	73	75	72	74	68	69	67	70	66	64	65	57	63	61	62	60	56	58	52	59	55	54	53	43	51	49	50	48	45	47	46	41	42	40	44	39	38	36	34	35	37	33	28	32	31	27	30	26	29	25	22	21	20	24	19	23	16	13	17	18	15	9	12	14	11	1	7	10	8	5	6	2	4	3	
100	97	96	99	98	95	94	90	93	91	92	83	89	88	87	86	85	82	79	84	81	80	77	78	76	70	72	75	71	74	68	69	67	73	66	64	65	58	63	62	60	59	61	57	53	56	55	54	51	45	52	50	49	48	44	47	46	40	43	39	42	41	38	36	37	34	35	33	32	27	30	31	28	29	23	21	25	26	24	20	22	19	18	12	15	17	16	9	14	13	11	1	7	10	8	6	4	3	5	2	
100	98	97	96	95	99	94	90	93	89	92	83	91	88	87	86	85	79	82	84	80	81	76	78	77	70	73	75	72	74	71	67	69	66	64	68	63	59	62	65	61	60	58	57	56	55	54	53	50	46	52	51	49	48	45	47	43	42	44	41	40	39	38	36	31	35	37	32	34	33	30	29	27	28	25	22	24	26	23	21	19	20	17	16	15	18	14	9	13	11	12	4	8	10	7	6	3	2	5	1	
100	98	96	99	97	95	94	91	93	90	92	84	89	88	87	86	85	79	83	82	81	80	78	77	76	70	74	75	73	72	71	69	67	68	66	65	64	58	63	61	62	60	59	57	53	56	55	54	51	50	52	49	48	47	44	45	43	40	41	37	42	38	36	46	30	39	35	34	33	32	27	31	29	25	28	26	23	22	21	24	19	20	18	16	17	15	13	9	12	11	14	1	8	10	7	6	4	2	5	3	
100	98	95	99	97	96	94	89	93	91	92	84	90	88	87	86	85	82	80	83	81	78	79	77	76	69	75	74	73	72	71	67	68	70	66	63	65	56	62	64	60	59	58	61	52	57	55	54	53	45	51	49	50	48	43	47	46	42	39	37	41	38	36	44	28	40	35	34	33	29	32	31	26	30	23	24	27	25	22	20	21	19	18	17	13	16	15	14	9	12	8	1	11	7	5	4	10	3	2	6	
100	97	96	99	98	95	94	92	93	89	91	84	90	88	87	86	85	80	83	82	81	79	76	78	77	70	74	75	73	72	71	66	69	68	65	63	64	56	62	67	59	58	60	61	52	57	55	54	53	43	51	49	50	48	45	47	46	44	41	42	40	39	38	36	37	35	34	30	31	29	28	27	33	26	32	22	24	25	23	20	21	19	18	16	17	15	13	12	9	10	14	2	11	8	7	5	6	4	1	3	
100	98	97	96	95	99	94	91	93	92	89	86	88	90	87	85	83	84	79	82	80	81	76	78	77	70	74	75	73	72	71	68	69	67	66	65	64	56	63	61	62	60	58	57	53	59	55	54	52	45	51	49	50	48	47	46	43	42	44	41	39	38	37	40	34	35	32	29	36	26	28	31	33	27	30	25	21	22	20	24	19	23	18	11	13	17	15	16	14	12	10	1	7	8	6	5	9	3	4	2	
100	99	98	96	95	97	93	92	91	94	90	85	88	89	87	86	83	79	84	82	81	80	77	78	76	72	74	75	73	71	70	68	69	67	66	65	64	56	63	61	62	60	59	58	54	57	55	52	51	44	53	49	50	47	48	46	45	39	42	38	43	41	36	40	30	37	35	34	33	31	27	32	29	25	28	26	23	24	21	22	19	20	18	15	13	17	16	11	14	12	9	1	10	8	7	6	5	4	2	3	
100	97	95	99	98	96	94	93	92	91	90	83	89	88	87	86	85	82	79	84	80	81	76	78	77	72	74	75	73	71	70	68	69	67	66	64	65	57	63	62	61	60	56	59	54	58	55	52	51	46	53	50	49	48	44	47	45	41	43	38	42	40	37	39	32	36	35	34	31	26	33	30	28	29	23	25	24	27	21	22	18	20	17	13	15	19	16	9	14	11	12	1	8	10	7	6	5	4	2	3	
100	97	95	99	98	96	94	89	93	88	92	90	91	87	86	85	82	83	84	81	79	80	78	77	76	70	75	74	73	72	71	67	69	68	66	65	63	55	62	64	60	59	58	61	57	56	54	52	51	45	53	50	49	48	44	47	46	42	41	39	43	40	36	38	34	37	35	33	32	28	31	30	29	25	26	27	21	23	20	24	19	22	18	16	14	17	15	12	9	13	11	5	10	8	7	6	4	3	2	1	
100	97	96	99	98	95	94	89	93	91	92	85	90	88	87	86	84	79	81	83	80	82	76	78	77	68	73	75	71	74	70	69	67	72	66	64	65	56	63	61	62	59	60	58	53	57	55	54	51	47	52	50	49	48	41	46	45	43	40	37	39	38	36	44	35	42	30	29	33	26	28	31	34	27	32	24	23	25	21	22	18	20	17	13	14	16	15	19	11	10	12	1	7	9	6	5	8	4	2	3	
100	98	95	99	97	96	94	93	92	91	90	84	88	89	87	86	85	79	83	82	81	80	76	78	77	72	74	75	73	71	70	68	69	67	66	64	65	58	63	62	60	59	56	61	53	57	55	54	50	44	52	51	49	48	43	47	46	45	42	37	41	39	36	40	34	38	35	30	32	27	29	28	33	26	31	22	25	24	23	21	19	20	18	15	17	16	14	11	12	10	13	4	7	9	8	6	5	3	1	2	
100	99	95	98	97	96	94	91	93	90	92	84	89	88	87	86	85	81	83	80	79	82	78	77	76	70	74	75	73	72	71	67	69	68	66	64	65	57	63	61	62	60	55	59	58	56	54	53	51	43	52	50	49	48	45	47	46	41	42	40	44	39	38	35	36	34	37	31	32	26	29	30	33	28	22	23	25	27	24	21	19	20	18	17	16	15	13	9	11	12	14	5	7	10	8	6	3	2	4	1	
100	97	96	99	98	95	94	93	92	89	91	85	90	88	87	86	84	83	81	82	80	79	77	78	76	70	73	75	72	74	71	69	67	66	65	64	63	57	62	68	61	60	59	58	54	56	55	53	51	44	52	50	49	48	47	46	45	43	41	40	39	38	37	42	28	36	35	34	32	30	33	31	27	29	26	24	25	22	21	23	19	20	17	11	13	18	16	14	15	12	10	3	8	9	6	5	7	2	1	4	
99	100	98	97	96	95	94	91	93	89	92	84	90	88	87	86	85	83	80	82	81	79	77	78	76	71	70	75	69	74	68	72	67	73	66	63	65	59	62	64	61	60	55	58	57	56	54	53	50	43	52	51	49	48	47	46	45	42	39	41	44	38	37	40	32	35	36	34	30	28	33	29	31	26	25	27	22	23	20	24	19	21	18	16	13	17	15	14	8	12	10	2	9	7	5	4	11	3	1	6	
100	97	95	99	98	96	94	93	92	90	91	85	89	88	87	86	84	79	80	83	82	81	76	78	77	71	73	75	72	74	70	67	69	66	65	68	64	56	63	61	62	60	58	59	57	55	54	53	52	45	51	49	50	48	44	47	46	40	43	39	42	41	38	36	28	34	37	31	33	35	30	32	27	29	23	21	26	25	24	19	22	18	16	15	17	20	14	9	13	11	12	1	7	10	8	6	4	3	5	2	
100	97	96	99	98	95	94	92	93	90	91	85	89	88	87	86	83	84	80	82	81	79	77	78	76	75	73	74	71	72	68	69	66	67	65	70	64	57	63	61	62	60	56	58	54	59	55	52	51	45	53	49	50	48	41	47	46	43	38	39	40	37	36	44	30	42	35	34	33	31	32	29	27	26	22	23	28	25	24	20	21	19	18	14	12	17	15	16	13	9	11	5	10	8	7	6	4	3	2	1	
100	98	96	99	97	95	94	92	93	91	89	84	88	90	87	86	85	82	83	81	80	78	79	77	76	70	74	75	73	72	71	67	69	68	66	63	64	58	62	65	60	59	56	61	54	57	55	53	50	47	52	51	49	46	48	45	43	41	44	39	42	40	38	36	37	34	35	31	30	32	28	29	33	25	23	26	27	24	21	22	20	19	18	16	17	15	13	9	12	11	14	6	7	10	5	4	8	2	3	1	
100	97	96	99	95	98	94	90	93	89	92	85	91	88	87	86	84	79	80	83	82	81	77	78	75	71	70	74	69	73	68	76	67	72	66	65	64	55	63	60	61	59	62	58	57	56	54	52	50	43	53	51	49	48	45	47	46	44	41	42	40	39	38	37	29	36	35	34	32	31	33	30	28	25	26	27	21	22	20	24	19	23	18	17	16	15	14	13	11	12	10	3	7	9	8	5	6	4	1	2	
100	97	96	99	98	95	94	90	93	89	92	85	91	88	87	86	83	79	84	82	81	80	76	78	77	69	74	75	73	72	71	67	68	70	66	64	65	56	63	62	61	60	58	57	52	59	55	54	53	43	51	50	49	48	46	47	45	41	42	39	44	40	38	36	37	35	33	32	31	29	27	28	34	26	30	21	25	24	23	20	22	19	18	16	17	15	14	9	13	11	12	1	7	10	8	6	4	2	5	3	
100	98	97	99	95	96	94	92	90	93	89	83	88	91	87	86	85	81	80	84	82	78	79	77	76	74	73	75	72	71	70	68	69	67	66	64	65	58	63	61	62	57	59	60	52	56	55	54	53	45	51	50	49	47	48	46	43	40	44	39	42	41	38	36	37	34	32	30	35	31	26	33	28	24	27	25	29	22	21	23	19	20	18	13	15	17	16	11	10	14	12	7	6	9	8	5	4	3	2	1	
100	98	97	99	96	95	94	93	90	92	89	85	88	91	87	86	84	79	80	83	81	82	76	78	77	70	74	75	73	72	71	67	69	68	66	64	65	58	62	63	60	59	56	61	53	57	55	54	52	45	51	49	50	48	44	47	46	41	42	38	43	39	37	40	35	33	36	30	34	29	27	31	32	26	25	24	28	22	21	23	19	17	15	14	18	20	12	16	9	10	11	3	13	8	6	5	7	4	2	1	
100	96	95	99	97	98	94	92	93	90	91	83	88	89	87	86	85	81	79	84	82	80	76	78	77	71	74	75	73	72	69	65	68	67	64	70	63	60	62	66	59	57	61	58	54	56	55	53	51	46	52	49	50	48	45	47	44	40	43	39	42	41	38	37	31	35	36	34	32	27	33	29	30	28	26	25	22	23	21	24	18	19	17	13	15	20	16	12	10	14	9	4	11	7	6	5	8	3	2	1	
100	99	96	98	97	95	94	89	93	90	92	84	91	88	87	86	85	79	83	82	81	80	76	78	77	70	74	75	73	72	71	69	68	67	66	64	65	59	63	61	62	60	58	57	52	56	55	54	53	43	51	50	49	48	44	47	46	45	40	42	38	37	36	41	33	39	35	34	28	31	29	27	32	25	30	26	22	23	21	24	20	19	18	12	15	17	16	9	13	14	11	1	7	10	8	6	5	4	2	3	
99	100	95	98	97	96	94	93	91	92	89	85	88	90	87	86	82	84	83	81	80	79	76	78	77	70	74	75	72	73	71	68	69	67	66	65	64	56	63	61	60	59	62	57	52	58	55	54	53	43	51	50	49	48	45	47	46	41	42	39	44	40	38	36	31	35	37	34	32	26	33	30	29	28	24	22	25	27	23	20	21	19	18	15	13	17	16	14	11	9	10	1	12	8	7	6	4	2	5	3	
100	99	98	97	96	95	94	92	91	93	90	84	88	89	87	86	85	80	81	83	82	79	76	78	77	69	74	75	72	73	71	70	68	67	66	64	65	61	63	62	58	57	59	60	52	56	55	54	53	44	51	49	50	48	46	47	45	43	40	42	39	38	37	41	36	35	34	33	32	31	30	29	27	26	22	24	28	25	23	21	20	19	18	17	16	15	13	11	8	12	14	3	9	7	6	5	10	2	4	1	
100	97	95	99	98	96	94	93	92	89	91	86	90	88	87	85	83	84	82	81	80	79	76	78	77	68	74	75	71	73	70	69	67	72	66	64	65	56	63	60	61	58	62	59	53	57	55	54	51	44	52	49	50	48	45	47	46	43	42	39	41	40	38	36	37	35	34	33	30	25	32	28	31	27	29	21	24	26	23	20	22	19	18	14	13	17	16	15	10	11	9	1	12	8	6	4	7	2	3	5	
100	97	95	99	98	96	94	90	93	91	92	84	88	89	87	86	85	81	82	80	79	83	78	77	76	69	75	74	73	72	70	71	68	67	66	64	65	58	63	61	62	60	56	59	52	57	55	54	53	46	51	49	50	48	45	47	44	42	43	39	41	40	38	37	35	34	36	30	33	28	26	29	32	25	31	24	27	22	21	23	19	20	18	14	13	17	16	12	15	10	11	1	7	9	8	6	4	3	5	2	
99	100	98	97	96	95	94	93	92	91	90	84	88	89	87	86	85	79	80	83	82	81	76	78	77	69	72	75	71	74	70	67	68	73	66	64	65	58	63	62	61	60	59	57	54	56	55	51	50	42	53	52	49	48	46	47	45	43	40	41	44	39	38	37	33	36	35	34	29	30	32	28	31	27	25	22	24	26	23	19	21	18	17	16	20	15	14	9	12	11	13	1	7	10	8	4	6	3	2	5	
99	100	98	97	95	96	94	89	93	91	92	83	90	88	87	86	85	79	81	84	82	80	76	78	77	69	75	74	73	71	70	72	68	67	66	65	64	57	63	60	62	59	61	58	54	56	55	52	51	46	53	49	50	47	48	45	44	40	43	38	42	41	37	39	32	36	35	34	30	33	28	29	31	26	22	23	27	25	24	19	21	18	16	14	20	17	15	13	10	9	12	2	11	8	7	6	4	3	5	1	
100	99	98	96	95	97	94	92	93	91	90	83	88	89	87	86	85	80	82	84	81	79	77	78	76	69	73	75	72	74	71	70	66	67	65	68	64	57	63	61	62	60	59	58	53	56	55	54	52	44	51	49	50	48	43	47	46	45	41	38	39	36	35	42	29	40	34	32	37	31	30	33	28	27	23	26	24	25	21	22	20	19	18	13	15	17	16	9	14	12	11	3	6	10	8	5	7	4	2	1	
99	100	96	98	95	97	94	90	93	89	92	84	91	88	87	86	85	83	80	82	81	79	76	78	77	74	72	75	71	73	69	67	68	70	66	64	65	55	63	61	62	60	56	59	58	57	54	51	50	44	53	52	49	48	43	47	46	45	42	39	41	40	38	35	37	34	36	32	31	25	30	28	33	27	29	24	23	26	21	22	18	19	17	15	14	20	16	11	12	13	10	1	7	9	8	6	5	4	3	2	
100	99	97	98	96	95	94	91	93	90	92	83	89	88	87	86	85	79	80	84	82	81	77	78	76	70	75	74	72	73	71	69	68	67	66	64	65	61	63	60	62	58	56	59	57	55	54	52	50	44	53	51	49	48	46	47	45	40	42	39	43	41	38	35	36	34	37	33	30	31	32	29	28	26	25	27	21	22	20	24	19	23	18	13	14	17	16	11	15	12	10	2	8	9	7	5	6	3	1	4	
100	97	96	99	95	98	94	93	91	92	89	83	88	90	87	86	85	82	79	84	81	80	77	78	76	71	72	75	70	74	68	73	67	69	66	64	65	56	63	60	62	59	61	58	53	57	55	54	51	47	52	49	50	48	45	46	44	41	43	40	42	39	38	35	36	33	37	31	34	26	30	32	28	29	27	25	21	22	20	24	19	23	17	14	13	18	16	11	15	9	12	1	10	6	5	4	8	3	2	7	
99	100	97	98	96	95	94	90	93	89	92	87	91	88	86	85	84	81	80	83	82	79	76	78	77	72	71	75	70	74	69	67	68	73	66	65	64	56	63	62	61	60	58	59	54	57	55	53	52	42	51	49	50	48	47	46	45	43	41	39	44	40	38	36	28	35	37	34	33	29	32	31	27	30	24	26	23	25	21	22	20	19	18	14	13	17	16	15	11	10	9	2	12	8	7	6	4	3	5	1	
100	97	95	99	98	96	94	91	93	90	92	84	88	89	87	86	85	83	80	82	81	79	76	78	77	73	71	75	70	74	69	67	68	72	66	65	64	56	62	63	61	60	57	59	53	58	55	54	50	48	52	51	49	47	45	46	44	42	43	40	38	37	36	41	29	34	35	32	39	31	30	33	28	26	24	27	23	25	21	22	19	20	18	14	16	15	11	17	9	10	13	4	12	8	6	3	7	2	1	5	
99	100	98	96	95	97	94	93	92	90	91	85	89	88	87	86	84	79	80	83	82	81	77	78	76	68	73	75	71	74	69	72	67	70	66	64	65	58	63	61	62	60	56	57	52	59	55	54	53	43	51	50	49	48	45	47	46	41	42	39	44	40	38	36	30	35	37	32	34	26	31	33	28	29	25	24	23	27	22	20	21	18	17	12	14	19	16	9	15	13	11	1	6	10	7	5	8	2	4	3	
100	97	95	99	98	96	94	88	93	90	92	89	91	87	86	85	82	79	83	81	80	84	76	78	77	73	75	74	72	69	68	70	66	67	65	71	64	58	63	61	62	60	56	57	53	59	55	54	50	44	52	51	49	47	48	46	45	42	43	39	41	40	38	37	36	35	32	31	34	27	29	33	30	28	26	22	25	24	23	20	18	19	17	14	16	21	15	9	12	11	13	1	6	10	8	5	7	3	4	2	
99	100	97	98	95	96	94	92	90	93	89	83	88	91	87	86	85	80	79	84	82	81	76	78	77	70	75	74	72	73	71	67	68	69	66	63	65	64	62	59	60	57	61	58	54	56	55	53	51	46	52	50	49	48	43	47	45	44	40	42	41	37	36	39	33	35	31	30	38	29	27	34	32	26	22	23	28	25	24	20	21	18	17	15	19	16	13	11	12	10	14	2	6	8	7	5	9	4	3	1	
100	96	95	99	98	97	94	93	91	92	90	85	88	89	87	86	84	82	79	83	81	80	76	78	77	71	74	75	73	72	70	67	69	68	66	64	65	55	63	62	61	60	58	57	56	59	54	52	51	42	53	50	49	48	46	47	45	43	41	40	44	39	38	37	36	34	35	32	30	27	31	29	33	25	28	26	21	22	20	24	19	23	18	12	14	17	16	9	15	13	11	1	7	10	6	5	8	4	3	2	
99	100	97	98	96	95	94	92	93	91	90	83	88	89	87	86	85	82	80	84	81	79	77	78	76	71	75	74	72	70	68	73	67	69	66	65	64	56	63	61	62	60	58	57	52	59	55	54	53	43	51	49	50	48	46	47	45	44	39	41	42	38	36	40	35	34	32	30	37	31	28	33	29	26	25	27	23	22	20	24	19	21	18	13	14	17	16	11	15	10	12	3	7	9	8	5	6	4	2	1	
100	98	97	99	96	95	94	93	92	91	90	83	88	89	87	86	85	81	79	84	82	80	76	78	77	71	75	74	73	70	69	72	68	67	66	64	65	60	63	59	61	58	62	57	53	56	55	54	51	48	52	49	50	47	45	46	43	40	44	39	42	41	38	36	37	34	35	32	28	29	31	27	33	26	30	25	21	24	20	23	19	22	18	11	13	17	15	16	14	12	9	1	6	8	7	5	10	3	4	2	
100	99	95	98	97	96	94	91	93	89	92	84	90	88	87	86	85	82	83	81	80	79	76	78	77	72	74	75	71	73	70	68	69	67	66	65	64	58	63	61	62	59	60	57	54	56	55	53	51	48	52	50	49	47	43	46	45	44	40	42	41	39	38	37	30	35	36	34	33	31	32	29	28	25	22	27	26	24	23	21	20	19	18	14	12	17	16	13	15	9	11	4	10	8	6	5	7	3	1	2	
100	98	97	99	95	96	94	90	93	89	92	87	91	88	86	84	82	79	85	81	80	83	76	78	77	73	72	75	70	71	69	74	68	67	66	64	65	57	63	62	61	60	56	58	53	59	55	54	52	43	51	49	50	48	45	47	46	42	40	41	44	39	38	37	29	35	36	34	32	26	33	31	28	30	25	23	24	27	21	22	20	19	17	11	16	18	15	13	12	14	10	2	8	9	7	6	5	4	3	1	
99	100	97	98	96	95	94	90	92	93	91	85	89	88	87	86	84	82	79	81	80	83	76	78	77	70	74	75	72	73	71	68	69	67	66	64	65	61	63	60	62	59	56	57	52	58	55	54	53	43	51	49	50	48	45	47	46	44	41	40	42	39	38	37	31	35	36	34	30	32	33	28	29	24	26	25	27	22	21	23	19	20	18	13	14	17	16	9	15	11	12	4	7	10	8	6	5	2	3	1	
100	97	96	99	98	95	94	90	92	93	91	84	88	89	87	86	85	83	79	82	81	80	76	78	77	72	74	75	73	70	69	66	68	67	65	71	64	58	63	60	61	57	62	59	54	56	55	51	50	44	53	52	49	48	43	47	46	45	42	39	41	40	38	37	28	36	34	33	35	29	32	31	27	30	22	24	25	26	23	20	21	19	17	14	15	18	16	9	11	13	12	2	7	10	8	6	5	4	1	3	
100	97	96	99	98	95	94	92	90	93	89	84	88	91	87	86	85	79	80	83	82	81	78	77	76	74	75	73	72	71	69	70	68	66	65	67	64	59	62	63	61	60	56	58	53	57	55	54	52	44	51	49	50	48	45	47	46	41	42	40	43	39	38	37	35	34	36	30	33	31	29	28	32	27	22	24	25	26	23	20	21	19	18	14	15	17	16	9	12	11	13	1	7	10	8	6	4	2	5	3	
100	99	98	97	95	96	94	91	93	90	92	82	88	89	87	86	85	80	79	84	81	83	77	78	76	71	73	75	70	74	69	72	67	66	65	68	64	56	63	61	62	59	58	60	54	57	55	53	50	45	52	51	49	47	48	46	44	42	43	41	40	39	38	36	35	34	37	30	31	33	28	29	32	26	25	27	22	23	21	24	20	19	16	14	17	15	12	18	10	11	9	2	13	8	7	5	6	4	1	3	
100	98	97	99	95	96	94	89	93	90	92	85	91	88	87	86	84	81	80	83	82	79	76	78	77	72	75	74	73	71	70	66	69	67	65	68	64	57	63	61	62	60	56	59	52	58	55	54	53	44	51	49	50	48	43	47	46	45	40	42	41	39	38	36	29	35	37	32	33	34	31	30	27	28	23	21	26	25	24	20	22	19	17	16	14	18	15	12	9	11	13	8	6	7	5	4	10	3	1	2	
100	95	94	99	98	97	93	92	90	96	89	85	88	91	87	86	84	82	79	81	80	83	78	77	76	70	73	75	72	74	71	66	69	67	65	68	64	55	63	62	60	59	61	58	57	56	54	51	50	44	53	52	49	48	45	47	46	43	39	40	41	38	36	42	34	37	35	33	29	31	32	28	30	24	26	25	27	22	21	23	20	19	18	14	16	17	15	9	13	11	12	3	8	10	7	6	4	2	5	1	
100	98	97	96	95	99	93	91	92	94	89	83	88	90	87	86	85	81	80	84	82	78	79	77	76	75	73	74	72	71	70	67	68	69	66	65	64	56	63	61	62	60	58	57	54	59	55	50	49	52	53	51	48	47	43	46	45	44	41	42	39	38	37	40	35	36	34	30	32	33	28	31	27	26	23	24	29	25	21	22	19	20	18	17	14	15	12	16	11	10	9	4	13	8	7	5	6	3	2	1	
100	98	95	97	96	99	94	93	91	92	90	83	88	89	87	86	85	79	82	84	80	81	77	78	76	69	74	75	73	72	71	67	68	70	66	64	65	57	62	63	61	60	56	58	52	59	55	54	53	45	51	49	50	48	46	47	43	42	44	39	41	40	38	36	33	35	37	34	30	25	29	28	32	27	31	24	23	26	21	22	20	19	18	12	15	17	16	11	14	13	10	2	7	9	8	6	5	4	1	3	
100	95	94	99	98	97	93	92	90	96	89	84	88	91	87	86	85	79	81	83	82	80	76	78	77	70	73	75	71	74	68	72	67	69	66	65	64	59	63	61	62	60	58	57	54	56	55	52	51	46	53	50	49	48	45	47	44	42	40	41	43	39	38	36	34	35	37	32	30	31	28	29	33	27	23	21	25	26	24	20	22	19	18	17	16	15	14	12	10	13	9	2	11	8	7	6	5	4	1	3	
100	97	96	99	98	95	94	93	92	88	91	89	90	87	86	84	83	80	85	82	81	79	76	78	77	72	71	75	70	74	68	69	66	73	65	67	64	57	63	61	62	59	60	58	52	56	55	54	53	44	51	50	49	48	43	47	46	45	40	42	41	39	38	35	37	33	36	29	30	34	28	27	32	26	31	21	25	24	23	20	22	18	17	13	16	19	15	12	11	14	9	2	10	8	7	6	5	4	1	3	
100	96	95	99	98	97	94	90	93	91	92	83	88	89	87	86	85	80	82	84	81	78	79	77	76	73	74	75	71	72	70	68	69	66	65	67	64	58	62	63	61	60	56	57	54	59	55	53	52	50	51	49	48	47	44	46	45	41	43	38	42	36	35	40	30	39	33	31	37	32	27	34	28	26	25	21	29	24	23	20	22	18	17	11	16	19	15	14	12	13	9	1	10	6	5	4	8	2	3	7	
100	97	95	99	98	96	94	91	93	90	92	84	88	89	87	86	85	79	83	82	80	81	76	78	77	71	72	75	70	74	69	67	68	73	66	64	65	62	63	61	59	58	57	60	56	55	54	52	51	43	53	49	50	48	45	47	46	40	42	39	44	41	38	37	29	35	36	34	32	27	33	31	28	30	23	26	25	24	22	21	19	18	17	15	14	20	16	9	12	11	13	4	7	10	8	6	3	2	5	1	
100	99	98	97	95	96	94	91	93	90	92	84	89	88	87	86	85	79	80	83	81	82	77	78	76	69	74	75	72	73	71	67	68	70	66	65	64	56	63	62	61	60	58	59	54	57	55	51	50	47	53	52	49	48	42	46	45	43	41	38	40	39	36	44	31	35	33	32	37	27	29	34	30	25	28	26	22	23	21	24	20	18	17	12	19	16	15	13	8	14	10	1	9	7	6	5	11	4	3	2	
100	99	98	97	96	95	94	90	93	89	92	83	91	88	87	86	85	81	79	84	80	82	77	78	76	70	75	74	73	72	71	68	69	67	66	64	65	59	62	63	61	58	56	60	54	57	55	52	51	43	53	49	50	48	44	47	46	45	42	41	40	39	37	38	36	35	34	33	30	31	32	29	27	26	22	23	28	25	24	21	20	19	18	14	16	17	15	12	13	10	11	2	7	9	6	5	8	4	1	3	
100	97	95	99	96	98	94	93	90	92	89	84	88	91	87	86	85	83	81	82	80	79	76	78	77	70	75	74	73	72	71	69	67	68	66	64	65	63	62	60	61	58	55	59	57	56	54	52	51	48	53	49	50	47	44	46	42	41	43	40	39	38	37	45	35	34	36	33	31	27	32	30	28	29	26	24	25	23	22	20	21	19	17	14	15	18	16	10	13	11	12	3	7	8	6	5	9	2	4	1	
100	96	95	99	98	97	94	89	92	93	91	85	90	88	87	86	84	80	79	83	82	81	75	78	77	76	72	74	71	73	70	67	69	68	66	63	65	64	62	61	58	57	59	60	54	56	55	53	51	45	52	49	50	48	44	47	46	41	42	40	43	39	35	38	32	36	33	28	37	29	26	34	31	25	30	23	27	24	21	22	20	19	17	13	12	18	16	14	15	11	8	1	9	6	5	4	10	2	3	7	
100	99	98	97	95	96	94	92	93	91	90	84	88	89	87	86	85	83	81	82	80	79	76	78	77	68	74	75	73	72	71	70	67	69	66	64	65	61	63	59	60	58	62	57	53	56	55	54	51	43	52	49	50	48	47	46	45	40	42	38	44	41	37	39	28	35	36	32	33	34	31	30	26	29	23	24	27	25	22	21	19	20	17	14	15	18	16	13	9	10	12	4	11	8	7	6	3	2	5	1	
99	100	96	98	97	95	94	92	93	91	90	84	88	89	87	86	82	83	80	81	79	85	78	77	76	67	74	75	71	73	69	70	66	72	65	63	64	58	62	68	61	60	56	57	52	59	55	54	53	44	51	49	50	48	46	47	45	39	41	38	43	40	37	42	33	36	35	32	30	34	31	29	27	25	23	26	28	24	22	20	19	18	17	13	15	21	16	9	12	14	11	2	6	10	8	5	7	3	4	1	
99	100	96	98	97	95	94	90	93	89	92	84	91	88	87	86	85	82	83	81	80	78	79	77	76	71	74	75	73	72	70	68	69	67	66	65	64	57	63	61	62	60	56	58	53	59	55	54	51	44	52	49	50	48	43	47	46	45	40	42	41	39	38	36	29	35	37	34	32	26	33	31	28	30	27	24	25	21	20	23	19	22	17	15	14	18	16	13	10	11	9	7	12	8	6	5	3	2	4	1	
100	97	95	99	98	96	94	90	93	89	92	84	91	88	87	86	85	82	81	83	80	78	79	77	76	70	75	74	73	72	71	68	69	67	66	65	64	57	62	63	59	58	61	60	52	56	55	54	53	47	51	49	50	48	42	45	44	43	40	41	38	37	36	46	29	39	35	34	33	30	32	31	26	27	22	25	28	24	23	18	20	17	15	14	19	21	13	16	10	12	9	2	11	8	7	6	5	4	3	1	
100	98	95	99	97	96	94	93	92	89	91	83	90	88	87	86	85	81	79	84	82	80	78	77	76	73	72	75	71	74	70	66	69	67	65	64	63	60	62	68	59	58	56	61	53	57	55	54	51	44	52	50	49	48	45	47	46	42	41	40	43	39	37	38	29	35	33	32	36	28	31	34	27	30	23	21	25	26	24	19	22	17	16	15	20	18	13	11	12	10	14	1	6	9	8	5	7	2	4	3	
100	96	95	98	97	99	94	89	92	93	91	86	90	88	87	85	84	79	81	83	80	82	77	78	76	69	73	75	72	74	71	67	68	70	66	64	65	56	63	62	61	60	59	58	52	57	55	54	53	42	51	50	49	48	45	47	46	43	41	39	44	40	38	37	31	36	33	30	35	32	28	34	29	27	25	26	23	24	22	20	18	19	17	13	15	21	16	12	10	14	11	1	7	9	8	6	4	3	5	2	
100	99	98	96	95	97	94	91	93	92	90	85	88	89	87	86	84	81	80	83	82	79	77	78	76	69	72	75	71	74	70	67	68	73	66	64	65	58	63	62	60	57	59	61	56	55	54	53	50	46	52	51	49	48	47	45	43	42	44	38	41	39	37	40	29	35	34	33	36	31	30	32	28	27	24	21	25	26	23	20	22	19	18	17	13	16	15	9	14	12	11	2	7	10	8	6	4	3	5	1	
100	98	97	99	95	96	94	90	93	91	92	85	88	89	87	86	84	80	79	82	81	83	77	78	76	74	75	73	72	71	70	67	69	66	65	68	64	58	63	62	61	60	56	57	52	59	55	54	53	44	51	49	50	48	42	47	46	45	41	38	39	37	36	43	31	40	35	34	33	32	30	29	28	25	26	27	22	21	20	24	19	23	18	17	14	16	15	9	11	13	12	2	7	10	8	6	5	4	3	1	
99	100	97	98	96	95	94	92	91	93	90	83	88	89	87	86	85	81	79	84	82	80	75	78	77	76	73	74	71	72	70	69	68	67	66	65	64	60	63	61	62	59	56	58	57	55	54	53	51	47	52	50	49	48	44	46	45	42	40	41	43	39	38	35	36	34	37	30	32	33	28	29	31	26	22	27	25	24	23	20	21	19	18	17	16	15	14	9	13	12	11	7	6	10	8	5	4	2	3	1	
100	98	97	99	96	95	94	89	93	91	92	83	90	88	87	86	85	80	79	84	82	81	77	78	76	71	75	74	73	72	69	70	67	66	65	68	64	55	63	61	62	60	58	59	56	57	54	52	51	44	53	49	50	48	43	47	46	45	39	42	38	37	35	41	29	36	33	32	40	30	31	34	27	28	24	25	21	26	20	23	19	22	18	12	13	17	16	15	14	9	11	2	10	8	7	6	5	4	3	1	
99	100	97	98	96	95	94	93	92	91	90	86	88	89	87	85	84	83	79	82	81	80	76	78	77	72	74	75	73	70	68	71	67	69	66	64	65	55	63	61	62	60	56	59	58	57	54	52	51	45	53	50	49	48	46	47	43	41	44	38	42	40	35	39	31	36	33	32	37	28	30	34	29	25	26	27	23	22	21	24	18	19	16	14	17	20	15	13	11	10	12	2	8	9	7	6	5	4	3	1	
99	100	96	98	97	95	94	93	91	92	90	83	89	88	87	85	84	79	81	82	80	86	76	78	77	70	75	74	73	72	71	66	69	68	65	67	64	55	63	62	60	59	57	61	58	56	54	53	51	46	52	49	50	48	44	47	45	40	42	39	43	41	38	37	36	35	33	30	32	26	29	31	34	28	23	22	25	27	24	21	19	20	18	17	13	16	15	11	14	10	12	5	7	9	8	4	6	3	1	2	
99	100	98	96	95	97	94	93	92	91	90	89	87	88	86	85	83	84	80	82	81	79	76	78	77	70	75	74	73	72	71	69	68	67	66	64	65	59	63	60	62	58	61	57	53	56	55	54	52	46	51	49	50	48	45	47	43	42	44	40	41	39	38	36	28	35	37	34	33	29	32	31	27	30	22	23	25	26	24	20	21	19	17	13	18	16	15	9	11	14	12	3	7	10	8	6	5	4	2	1	
100	97	96	99	95	98	94	89	93	92	91	83	90	88	87	86	85	79	81	84	82	80	77	78	76	70	75	74	73	72	71	67	68	69	66	65	64	56	63	61	62	60	57	58	52	59	55	54	53	44	51	50	49	48	45	47	46	43	41	40	42	39	37	38	31	34	36	33	32	35	29	30	26	28	22	23	27	25	24	19	21	18	16	11	20	17	15	12	13	14	10	4	8	9	7	5	6	2	3	1	
99	100	98	97	96	95	94	92	90	93	89	83	88	91	87	86	85	80	79	84	81	82	76	78	77	71	72	75	69	74	68	73	67	70	66	63	64	65	62	60	61	59	56	58	54	57	55	53	52	44	51	49	50	48	45	47	46	42	43	41	40	39	38	37	31	35	36	33	34	32	29	30	28	27	23	21	25	26	24	20	22	18	17	16	19	15	12	13	10	11	14	3	7	9	8	6	5	2	4	1	
100	99	98	97	96	95	94	93	90	92	89	85	88	91	87	86	83	84	79	81	80	82	78	77	76	69	74	75	73	72	70	66	68	71	64	67	63	56	62	65	61	60	58	57	54	59	55	52	51	46	53	49	50	48	43	47	45	44	42	41	40	39	38	37	29	36	35	34	32	30	33	31	28	27	23	26	25	24	21	22	19	20	18	17	15	16	12	14	11	10	9	1	13	8	7	6	5	2	3	4	
100	99	98	96	95	97	94	93	92	91	90	83	89	88	87	86	85	81	79	84	82	80	76	78	77	69	74	75	73	72	71	66	68	70	65	67	64	55	63	60	61	59	62	57	56	58	54	52	51	44	53	49	50	48	43	47	46	45	40	42	41	39	38	37	30	36	35	34	32	33	31	29	28	27	23	22	25	26	24	21	20	19	18	14	13	17	16	11	15	12	10	2	7	9	8	6	5	4	3	1	
100	99	97	98	95	96	94	93	91	92	89	85	88	90	87	84	83	82	79	81	80	86	76	78	77	72	75	74	71	73	70	68	69	67	66	64	65	60	63	62	61	57	59	58	54	56	55	52	51	44	53	49	50	48	45	47	46	42	43	40	39	38	37	41	32	35	36	33	31	34	28	30	26	27	22	23	29	25	24	21	19	20	18	14	15	17	16	12	10	11	13	1	6	9	8	5	7	2	4	3	
100	99	98	97	96	95	94	89	93	90	92	85	91	88	87	84	83	80	79	82	81	86	76	78	77	74	75	73	72	71	70	69	67	68	66	65	64	58	63	61	62	60	55	57	56	59	54	52	51	46	53	49	50	48	45	47	43	40	44	39	42	41	38	37	36	35	34	31	30	33	28	29	32	25	23	26	27	24	21	22	20	19	18	15	17	16	13	9	11	12	14	2	8	10	7	4	6	3	1	5	
99	100	96	98	97	95	94	93	92	91	90	85	88	89	87	86	84	81	79	83	82	80	76	78	77	69	72	75	71	73	70	74	68	67	66	65	64	58	63	61	62	59	60	57	53	56	55	54	50	43	52	51	49	48	44	47	46	45	40	41	38	37	36	42	30	35	34	31	39	32	27	33	28	26	23	21	29	25	24	20	22	19	18	13	14	17	16	12	15	9	11	3	10	8	6	5	7	4	1	2	
100	95	94	99	98	97	93	90	92	96	91	84	88	89	87	86	85	80	82	83	81	78	79	77	76	73	72	75	71	74	70	68	69	66	65	67	64	56	63	61	62	60	58	59	57	55	54	52	51	42	53	49	50	47	48	46	45	44	41	39	43	40	38	37	36	35	33	29	32	27	28	30	34	26	31	25	21	23	20	24	18	22	17	15	16	19	12	13	10	11	14	4	7	9	8	6	3	2	5	1	
99	100	98	97	96	95	93	92	91	94	90	84	88	89	87	86	85	83	79	82	80	81	76	78	77	70	72	75	71	74	68	66	67	73	65	69	64	58	63	62	61	60	56	57	54	59	55	52	51	44	53	49	50	47	48	46	45	40	43	38	41	37	36	42	30	39	35	34	32	27	33	31	29	28	22	25	26	24	23	21	19	20	18	15	14	17	16	9	11	12	13	1	8	10	7	6	4	3	5	2	
100	96	95	99	98	97	94	92	93	90	91	85	89	88	87	86	82	84	83	81	80	78	79	77	76	69	74	75	73	72	71	67	66	68	65	64	63	59	62	70	61	60	56	57	52	58	55	54	53	51	50	49	48	47	41	46	45	44	39	38	40	37	36	43	30	42	34	33	35	31	29	32	27	28	25	26	23	21	20	24	19	22	18	13	17	16	14	15	9	11	10	1	12	8	7	6	4	2	5	3	
100	99	97	98	95	96	94	89	93	90	92	85	91	88	87	86	84	80	79	83	82	81	77	78	76	68	74	75	73	71	70	72	67	69	66	64	65	55	63	61	62	59	56	60	57	58	54	52	51	45	53	49	50	48	44	47	46	43	41	37	42	38	36	40	28	39	35	34	32	31	33	30	27	29	23	21	25	26	24	20	22	19	18	17	13	16	15	11	14	10	12	3	7	9	8	6	5	4	1	2	
100	97	96	99	98	95	94	93	90	92	89	88	87	91	86	85	83	84	79	82	80	81	76	78	77	72	74	75	73	70	69	67	68	66	65	71	64	56	63	61	62	60	57	58	53	59	55	54	52	45	51	50	49	48	43	47	46	44	42	37	41	38	35	40	34	39	31	30	36	28	29	33	32	25	26	27	22	24	20	23	19	21	18	16	15	17	14	13	10	12	9	1	11	8	7	6	5	2	4	3	
100	98	96	99	97	95	94	91	93	90	92	82	89	88	87	86	85	80	79	83	81	84	76	78	77	74	73	75	72	71	70	69	68	67	66	64	65	59	63	61	62	58	56	60	57	55	54	52	51	45	53	49	50	48	44	47	46	43	41	38	42	40	37	39	35	36	32	29	33	30	28	31	34	25	26	27	23	22	21	24	20	18	17	13	14	19	16	9	15	11	12	2	7	10	8	6	5	4	3	1	
100	96	95	99	98	97	94	89	93	90	92	83	91	88	87	86	85	82	80	84	79	81	78	77	76	70	72	75	71	74	69	67	68	73	66	64	65	57	63	61	62	60	56	58	53	59	55	54	52	46	51	49	50	48	41	47	45	44	40	38	39	37	35	43	28	42	34	31	36	32	30	33	27	29	23	24	26	25	21	22	20	19	18	17	14	16	11	15	10	9	13	2	12	8	7	6	4	3	5	1	
100	99	97	96	95	98	94	93	92	89	91	84	90	88	87	86	85	79	83	82	81	80	76	78	77	70	73	75	72	74	71	67	69	68	66	65	64	59	63	61	62	60	58	57	54	56	55	52	50	43	53	51	49	48	46	47	45	39	42	38	44	41	37	40	34	36	35	33	31	32	28	30	29	27	26	25	22	21	20	24	19	23	18	15	16	17	13	10	12	11	14	1	7	8	6	5	9	2	4	3	
99	100	98	96	95	97	94	89	93	91	92	83	90	88	87	86	85	81	80	84	82	79	77	78	76	71	75	74	73	72	70	67	69	68	66	64	65	56	63	62	61	60	59	57	54	58	55	53	51	45	52	50	49	48	46	47	43	42	44	40	39	38	37	41	36	35	32	28	33	31	27	30	34	25	29	26	22	21	20	24	19	23	18	11	15	17	16	12	13	14	10	1	8	9	7	6	5	3	4	2	
100	99	98	97	96	95	94	90	93	89	92	82	91	88	87	86	84	81	79	83	80	85	77	78	76	70	75	74	73	72	69	67	68	71	66	63	65	56	62	64	61	60	55	59	58	57	54	51	50	43	53	52	49	48	44	47	46	45	41	42	39	38	36	40	35	37	31	29	33	30	27	32	34	26	22	24	28	25	23	21	20	19	18	17	16	15	14	13	11	10	12	1	8	9	7	5	6	3	4	2	
100	98	97	99	95	96	94	93	92	90	91	83	89	88	87	86	85	82	79	84	81	80	77	78	76	74	75	73	71	72	70	67	69	68	66	65	64	57	63	60	61	59	62	58	54	56	55	52	51	42	53	49	50	48	45	47	46	43	41	39	44	40	38	36	37	35	33	32	31	27	29	30	34	28	23	25	24	26	21	22	20	19	18	12	15	17	16	9	13	14	11	3	6	10	8	5	7	2	1	4	
100	98	97	99	95	96	94	92	93	89	91	83	90	88	87	86	85	81	80	84	79	82	78	76	75	77	73	74	71	72	70	67	68	69	66	64	65	56	63	62	61	58	60	59	54	57	55	51	50	52	53	47	49	46	45	44	43	42	40	37	41	39	36	48	29	38	33	32	35	30	31	34	27	28	25	26	22	21	20	24	18	23	17	14	13	19	16	9	15	11	12	3	8	10	7	6	5	2	1	4	
100	98	97	99	96	95	94	93	91	92	90	83	89	88	87	86	85	80	79	84	81	82	76	78	77	72	75	74	73	71	67	70	66	68	65	69	64	56	63	61	62	59	58	60	57	55	54	53	51	46	52	50	49	48	45	47	43	39	44	37	41	40	36	42	29	38	35	34	32	26	33	31	28	30	22	23	25	27	24	21	19	20	17	15	16	18	14	12	10	11	13	1	8	9	7	6	4	2	5	3	
100	98	95	99	97	96	94	90	93	89	92	83	91	88	87	86	85	82	80	84	81	79	76	78	77	69	75	74	73	72	71	70	67	68	66	65	64	59	62	63	61	60	56	58	53	57	55	54	51	42	52	49	50	48	45	47	46	43	41	40	44	39	38	37	29	34	35	31	36	32	30	33	26	27	22	23	28	25	24	21	18	20	17	15	16	19	13	14	8	12	9	1	11	6	5	4	10	2	3	7	
100	99	96	98	97	95	94	91	93	90	92	84	89	88	87	86	83	79	82	81	80	85	76	78	77	73	71	75	70	74	69	67	68	72	66	64	65	56	63	61	62	60	58	59	52	57	55	54	53	44	51	49	50	48	47	46	45	42	43	38	41	40	37	39	36	35	34	33	29	30	27	28	32	25	31	26	22	23	21	24	20	19	18	14	13	17	16	15	11	12	10	1	7	9	8	6	4	3	5	2	
100	98	96	99	97	95	94	92	93	91	90	86	89	88	87	85	84	83	80	82	79	81	78	77	76	70	73	75	72	74	69	67	68	71	66	64	65	61	63	59	62	58	60	57	54	56	55	51	50	46	53	52	49	48	44	47	45	41	42	39	43	40	38	37	31	35	36	34	32	33	28	29	30	26	23	27	25	24	22	21	20	19	17	15	18	16	13	14	10	12	9	3	11	8	7	6	5	4	1	2	
100	97	96	98	95	99	93	92	91	94	89	83	88	90	87	86	85	82	81	84	80	79	77	78	76	73	75	74	71	72	70	68	69	66	65	67	63	56	62	64	61	60	55	59	58	57	54	51	50	47	53	52	49	46	48	45	43	42	44	41	40	39	38	37	29	35	36	34	32	28	33	31	26	30	22	25	27	24	23	21	19	18	17	12	16	20	15	13	10	14	9	3	7	8	6	5	11	4	2	1	
100	99	96	98	95	97	94	92	93	88	91	89	90	87	86	85	84	81	79	83	80	82	76	78	77	70	75	74	73	72	71	68	69	67	66	64	65	56	63	62	61	60	57	59	52	58	55	54	53	45	51	49	50	47	48	46	43	41	44	39	42	40	37	38	31	36	35	34	32	26	33	29	30	28	24	25	22	27	21	23	19	20	17	12	14	18	16	13	15	10	11	1	7	9	8	6	5	2	4	3	
100	97	95	99	98	96	94	93	92	89	91	90	87	88	86	85	83	80	84	82	81	78	79	77	76	72	75	74	73	71	68	70	66	67	65	69	64	56	63	60	62	59	61	57	53	58	55	54	52	43	51	49	50	48	45	47	46	40	42	39	44	41	38	36	31	35	37	34	33	29	32	30	26	27	24	23	28	25	20	22	19	21	18	17	15	16	11	13	9	10	14	3	12	8	7	5	6	4	1	2	
100	96	95	99	98	97	94	91	92	93	90	83	89	88	87	86	84	79	81	82	80	85	76	78	77	70	74	75	73	72	71	69	67	68	66	64	65	57	63	62	61	60	59	58	54	56	55	52	51	47	53	49	50	48	43	46	45	44	39	41	38	37	36	42	35	34	32	30	40	26	29	33	31	28	23	21	25	27	24	20	22	19	18	17	14	16	15	9	12	11	13	7	6	10	4	3	8	2	1	5	
100	96	95	99	98	97	94	92	93	90	91	85	89	88	87	86	83	82	84	81	80	79	76	78	77	71	75	73	70	72	68	74	67	69	66	64	65	57	63	61	62	60	56	58	54	59	55	52	51	44	53	49	50	48	43	47	46	45	40	42	41	39	38	37	35	36	33	31	32	28	30	27	34	26	29	21	25	24	23	20	22	19	16	14	13	17	15	18	9	11	10	3	12	8	7	6	5	4	2	1	
100	97	96	99	98	95	94	89	93	90	92	84	91	88	87	86	85	80	79	83	82	81	77	78	76	68	75	74	71	73	69	70	67	72	66	64	65	60	63	59	61	58	62	57	52	56	55	54	53	46	51	49	50	48	45	47	43	41	44	39	42	40	37	38	32	34	36	31	33	35	29	30	28	27	22	24	26	25	23	21	19	20	17	16	18	15	13	9	11	12	14	3	6	10	8	5	7	4	2	1	
100	98	95	99	96	97	94	93	90	92	89	87	88	91	86	85	84	80	79	83	82	81	76	78	77	74	72	75	71	73	70	68	69	67	66	64	65	60	63	59	62	58	61	57	56	55	54	52	51	47	53	49	50	48	45	46	44	43	39	37	40	38	36	42	29	41	35	34	32	31	33	30	28	27	25	24	22	26	20	23	19	21	18	17	14	16	15	9	12	13	11	3	7	10	8	5	6	4	1	2	
100	96	95	99	97	98	94	89	93	91	92	86	90	88	87	85	83	81	84	82	80	79	76	78	77	70	75	74	73	72	71	68	69	67	66	64	65	61	63	59	62	57	60	58	54	56	55	51	50	44	53	52	49	48	43	47	46	45	41	38	40	39	37	42	36	35	34	33	29	26	31	28	32	27	30	25	22	21	20	24	19	23	18	13	14	17	16	9	15	12	11	3	7	10	8	5	6	4	2	1	
99	100	97	96	95	98	94	93	91	92	89	85	88	90	87	86	84	81	79	83	80	82	78	77	76	69	75	74	72	73	71	68	66	70	65	67	64	57	63	61	62	60	56	59	52	58	55	54	53	43	51	50	49	48	46	47	45	44	41	42	40	39	37	38	31	34	36	33	32	35	28	30	29	26	24	27	25	22	21	23	20	19	18	13	15	17	16	12	9	14	11	2	10	8	7	6	5	4	1	3	
100	98	95	99	96	97	94	93	92	90	91	87	88	89	86	85	84	82	79	83	81	80	76	78	77	73	75	74	70	72	68	69	67	71	66	64	65	61	63	62	60	59	56	57	53	58	55	54	51	43	52	50	49	48	45	47	46	41	42	39	44	40	36	38	32	37	35	34	33	26	29	30	31	27	28	24	25	22	21	23	20	19	18	17	15	16	14	11	10	12	13	3	6	9	7	4	8	2	1	5	
99	100	98	96	95	97	94	93	90	92	89	84	88	91	87	86	85	82	79	81	80	83	77	78	76	71	75	74	72	69	67	73	66	68	65	70	64	56	63	61	62	60	57	59	52	58	55	54	53	43	51	49	50	48	44	47	46	45	41	42	40	39	38	36	31	35	37	34	32	27	33	30	28	29	25	26	22	23	21	24	20	19	18	15	13	17	16	9	14	12	11	4	6	10	8	5	7	3	2	1	
100	96	95	99	98	97	94	91	93	92	89	86	88	90	87	85	83	79	82	81	80	84	78	77	76	70	73	75	72	74	71	68	69	67	66	65	64	61	62	63	60	59	55	58	56	57	54	53	51	47	52	50	49	48	46	45	44	43	41	42	40	39	38	36	30	34	37	33	35	27	32	31	29	25	28	26	22	21	20	24	19	23	18	13	14	17	15	16	11	10	12	2	7	9	8	5	6	4	3	1	
100	96	95	99	97	98	94	91	93	92	89	84	88	90	87	86	85	83	79	82	81	80	76	78	77	69	75	73	71	72	70	74	66	67	65	68	64	58	63	62	60	57	59	61	53	56	55	54	51	44	52	49	50	48	45	47	46	43	42	37	41	40	36	39	35	38	33	32	29	28	31	27	34	25	30	26	23	24	22	19	21	17	16	13	20	18	15	9	12	14	11	1	7	10	8	6	4	2	5	3	
100	99	97	96	95	98	94	90	93	89	92	83	91	88	87	86	85	80	79	84	82	81	77	78	76	69	75	74	73	72	71	67	68	70	66	64	65	57	63	60	62	59	61	58	52	56	55	54	53	45	51	49	50	48	44	47	46	42	40	41	43	39	38	37	35	36	31	30	33	27	29	32	34	28	23	21	25	26	24	20	22	19	17	15	13	18	16	14	9	11	10	3	12	8	6	5	7	4	2	1	
99	100	96	98	95	97	93	92	91	94	90	84	88	89	87	86	85	81	82	83	80	79	76	78	77	70	73	75	72	74	71	68	69	67	66	64	65	57	63	61	60	59	62	58	54	56	55	51	50	46	53	52	49	47	48	45	43	40	44	38	42	41	37	39	35	34	36	33	31	27	32	29	30	28	26	23	25	24	21	22	20	19	17	14	12	16	15	18	13	10	11	2	7	9	8	6	5	4	1	3	
100	98	96	99	97	95	94	90	93	89	92	83	91	88	87	86	85	79	80	84	81	82	77	78	76	69	73	75	72	74	71	70	67	68	66	64	65	58	63	61	60	57	62	59	53	56	55	54	52	44	51	49	50	48	46	47	45	43	42	40	41	39	38	36	30	35	37	34	33	27	32	31	29	28	25	24	26	22	21	23	20	19	18	14	13	17	16	15	11	12	10	2	7	9	8	6	5	4	1	3	
100	97	96	99	98	95	94	92	93	91	90	85	88	89	87	86	84	80	81	83	82	78	79	77	76	71	74	75	73	72	69	70	66	67	65	68	64	56	63	62	61	60	57	58	54	59	55	51	50	43	53	52	49	48	46	47	45	41	40	37	44	39	35	42	33	38	31	29	36	30	27	34	32	26	28	25	23	22	20	24	19	21	18	17	16	15	13	11	10	12	14	2	7	9	8	6	5	3	1	4	
99	100	97	98	95	96	94	90	93	91	92	85	88	89	87	86	84	82	80	83	81	79	76	78	77	71	73	75	72	74	70	68	69	67	66	64	65	57	63	62	60	59	56	61	54	58	55	50	49	51	53	52	48	46	42	45	44	43	39	41	40	38	37	47	32	35	36	30	34	33	29	28	31	27	23	21	25	26	24	20	22	19	18	13	15	17	16	11	12	14	9	3	6	8	7	5	10	4	1	2	
100	98	95	97	96	99	94	90	93	92	91	84	88	89	87	86	85	81	80	83	82	79	76	78	77	69	75	74	73	72	71	67	68	70	66	65	64	57	62	63	60	59	56	61	54	58	55	52	51	43	53	49	50	48	45	47	46	42	41	38	44	40	37	39	35	36	32	30	33	26	29	31	34	28	24	22	25	27	23	21	19	20	18	16	17	14	12	15	11	10	13	2	6	9	7	5	8	4	1	3	
100	96	95	99	98	97	94	90	93	92	91	85	89	88	87	86	82	79	84	81	80	83	76	78	77	68	75	74	72	73	71	70	67	69	66	65	64	56	63	62	61	59	55	60	57	58	54	53	50	43	52	51	49	48	45	47	46	42	40	41	44	39	36	38	29	37	35	34	32	31	33	30	28	26	25	27	22	23	21	24	20	19	18	12	15	17	16	9	13	14	11	2	8	10	7	6	5	4	1	3	
100	97	94	99	98	96	93	91	92	95	89	84	88	90	87	86	85	82	80	83	81	79	76	78	77	70	74	75	73	72	71	69	67	68	66	64	65	61	63	60	62	59	58	57	53	56	55	54	51	43	52	49	50	48	45	47	46	40	42	37	44	41	36	39	29	38	35	34	32	30	33	31	28	26	25	27	23	24	22	21	19	20	18	17	14	16	12	15	10	11	9	2	13	8	7	5	6	4	3	1	
100	99	97	98	95	96	94	89	93	90	92	84	91	88	87	86	85	81	83	82	80	78	79	77	76	70	75	74	73	72	71	67	69	68	66	64	65	57	63	62	61	58	60	59	52	56	55	54	53	42	51	49	50	48	45	47	46	44	40	41	43	39	35	38	33	37	32	31	36	26	30	34	28	29	23	22	25	27	24	19	21	18	17	14	20	16	15	12	13	10	11	2	7	9	8	6	5	4	1	3	
100	96	95	98	97	99	94	90	93	89	92	84	91	88	87	86	85	80	81	83	82	79	76	78	77	72	75	74	73	71	69	67	68	66	65	70	64	62	63	60	61	59	58	57	53	56	55	54	51	45	52	50	49	48	44	47	46	41	43	39	40	37	36	42	32	35	33	30	38	31	29	34	28	26	24	27	22	25	20	23	19	21	18	17	14	16	12	15	11	10	13	3	8	9	7	6	5	2	4	1	
100	99	97	96	95	98	94	89	93	90	92	86	91	88	87	85	84	79	82	83	80	81	76	78	77	72	75	74	70	73	68	69	67	71	66	64	65	57	63	61	62	59	58	60	52	56	55	54	53	44	51	49	50	48	47	46	45	40	43	38	42	41	37	39	30	36	35	34	32	26	33	31	29	28	23	24	25	27	22	21	20	19	18	13	14	17	16	9	15	12	11	1	7	10	8	6	4	3	5	2	
100	99	97	96	95	98	94	92	93	91	89	84	88	90	87	86	85	83	79	82	81	80	76	78	77	70	73	75	72	74	71	69	67	68	66	64	65	57	63	61	62	58	60	59	54	56	55	53	50	47	52	51	49	48	43	45	44	42	40	39	38	37	36	46	35	41	31	29	33	30	28	32	34	26	22	27	24	25	23	21	18	20	15	13	17	16	14	19	9	11	12	1	6	8	7	5	10	2	3	4	
100	97	96	99	98	95	94	90	93	92	91	85	89	88	87	86	83	80	84	82	81	79	76	78	77	72	74	75	73	71	70	67	69	68	66	65	64	57	63	61	62	60	56	58	54	59	55	52	51	44	53	49	50	48	47	46	45	40	43	39	42	41	38	36	30	35	37	34	33	29	32	31	27	26	22	23	28	25	24	21	20	19	18	13	17	16	15	14	11	9	10	2	12	8	6	5	7	4	1	3	
100	96	95	99	97	98	94	91	93	92	89	82	88	90	87	86	84	79	81	83	80	85	76	78	77	70	73	75	72	74	69	67	68	71	66	64	65	55	62	63	61	58	60	59	56	57	54	53	51	45	52	49	50	47	48	46	43	42	44	41	39	38	37	40	28	35	36	31	34	33	30	32	27	29	23	21	25	26	24	20	22	19	17	13	12	16	15	18	14	10	9	3	11	8	7	6	5	2	1	4	
100	99	96	97	95	98	94	91	93	90	92	85	88	89	87	86	83	84	80	82	81	79	76	78	77	70	73	75	72	74	71	67	69	68	66	63	65	56	62	64	60	59	57	61	58	55	54	51	50	44	53	52	49	48	45	47	46	42	43	40	41	38	37	39	30	36	33	31	35	32	29	34	28	27	23	21	26	25	24	20	22	19	18	14	13	17	16	12	15	10	11	2	7	9	8	6	5	4	3	1	
100	96	95	99	98	97	94	90	93	92	91	82	89	88	87	86	85	80	79	84	81	83	76	78	77	70	75	74	73	72	71	69	67	68	66	64	65	58	63	62	59	57	61	60	52	56	55	54	53	44	51	49	50	48	45	47	46	41	42	40	43	39	38	36	30	35	37	34	31	33	32	29	27	28	26	25	23	24	21	22	18	20	17	14	15	19	16	13	10	12	8	3	11	7	6	5	9	2	1	4	
100	97	96	99	95	98	94	91	93	90	92	85	88	89	87	86	84	81	79	83	82	80	76	78	77	70	74	75	72	73	71	68	69	67	66	64	65	57	63	62	60	59	55	61	58	56	54	52	51	43	53	49	50	48	45	47	46	44	40	42	41	39	38	36	33	35	37	34	32	27	30	29	31	28	23	21	26	25	24	19	22	18	17	15	20	16	11	14	9	10	12	1	13	8	7	6	5	2	3	4	
99	100	98	97	96	95	94	93	91	92	90	83	88	89	87	86	85	82	81	84	80	79	76	78	77	70	74	75	72	73	71	67	69	66	65	68	64	60	63	62	61	58	56	59	53	57	55	54	51	45	52	49	50	48	46	47	44	42	43	41	40	39	38	36	37	32	34	31	35	33	29	30	28	24	26	27	25	21	20	23	19	22	18	17	16	15	11	14	9	10	12	2	13	8	7	6	5	3	1	4	
99	100	97	98	95	96	94	93	90	92	89	87	88	91	86	85	84	80	82	83	81	79	76	78	77	70	75	74	72	73	71	68	69	67	66	65	64	60	63	62	58	57	59	61	53	56	55	54	52	43	51	49	50	48	46	47	45	44	41	42	40	39	38	36	29	34	37	33	32	35	31	30	26	27	23	22	28	25	24	21	20	19	18	13	14	17	16	9	15	12	11	8	6	10	7	5	3	2	4	1	
100	97	95	99	96	98	94	90	93	89	92	85	91	88	87	86	83	82	80	81	79	84	78	77	76	68	73	75	72	74	71	69	67	70	66	64	65	56	63	61	62	60	58	57	53	59	55	54	52	51	49	48	47	46	44	45	43	39	41	38	42	40	37	50	32	35	36	34	33	27	29	31	30	28	25	22	26	24	23	20	19	18	16	15	17	21	13	12	11	10	14	3	6	9	7	5	8	2	4	1	
100	99	95	97	96	98	94	91	93	92	89	88	87	90	86	83	82	79	84	81	80	85	76	78	77	73	72	74	70	71	69	75	68	67	66	64	65	57	63	62	60	59	58	61	53	56	55	54	50	46	52	51	49	48	43	47	45	42	41	40	39	38	36	44	35	37	33	32	31	26	28	29	34	27	30	24	23	25	21	22	20	19	17	11	14	18	16	12	15	13	10	1	6	9	8	5	7	4	2	3	
100	96	95	99	98	97	94	90	93	91	92	83	88	89	87	86	85	79	81	84	82	80	76	78	77	68	75	73	72	71	70	74	67	69	66	65	64	56	63	60	62	58	61	59	53	57	55	54	51	45	52	49	50	48	44	47	46	43	40	42	41	39	37	38	31	35	36	34	32	33	28	30	29	27	24	25	23	26	22	21	20	19	18	14	17	16	15	9	12	11	13	1	7	10	8	6	4	3	5	2	
100	97	95	98	96	99	94	90	93	92	91	82	89	88	87	85	84	79	81	83	80	86	76	78	77	70	75	74	73	72	71	66	69	67	65	63	64	56	62	68	61	60	58	57	52	59	55	54	53	43	51	49	50	47	48	46	45	44	41	42	40	39	38	37	32	36	35	34	31	27	33	30	28	29	24	26	22	25	21	23	19	20	18	14	15	17	16	9	13	11	12	1	8	10	7	5	6	4	2	3	
99	100	96	98	97	95	93	92	91	94	90	83	88	89	87	86	85	81	80	84	82	79	76	78	77	71	75	74	72	73	70	68	69	67	66	65	63	61	62	64	58	57	59	60	54	56	55	53	51	46	52	49	50	48	45	47	44	41	43	39	42	40	38	37	30	35	36	32	34	28	31	33	29	25	26	27	23	22	20	24	19	21	18	14	15	17	16	9	11	13	12	5	7	10	8	3	6	2	1	4	
100	96	95	99	97	98	94	89	93	90	92	91	87	88	86	85	84	82	79	83	81	80	76	78	77	71	73	75	72	70	69	74	68	67	66	65	64	63	62	61	59	58	55	60	56	57	54	52	51	45	53	49	50	48	43	47	46	44	42	39	41	40	38	36	35	34	37	31	29	28	30	27	33	26	32	25	21	22	20	24	19	23	17	13	16	18	15	9	14	12	11	5	8	10	7	6	4	2	3	1	
100	95	94	98	97	99	93	92	91	96	90	85	88	89	87	86	84	81	79	83	80	82	76	78	77	71	75	74	73	72	70	68	69	67	66	64	63	65	62	60	61	57	59	58	54	56	55	53	51	43	52	49	50	48	45	47	46	41	42	39	44	40	38	35	37	34	36	33	31	28	30	29	32	25	22	26	27	24	23	21	19	20	18	13	17	16	15	14	10	11	9	2	12	8	6	4	7	3	1	5	
99	100	98	96	95	97	94	93	91	92	90	86	89	88	87	85	84	79	80	83	82	81	77	78	74	76	73	72	70	71	69	75	68	66	64	67	63	56	62	65	61	60	58	57	54	59	55	52	51	47	53	50	49	46	48	45	43	42	44	39	41	40	38	37	32	36	35	34	31	27	33	30	28	29	25	26	21	22	20	24	19	23	18	17	14	16	15	13	10	11	12	1	8	9	7	6	4	3	5	2	
100	99	95	97	96	98	94	93	91	92	90	82	88	89	87	86	85	80	79	84	81	83	76	78	77	75	73	74	72	70	68	71	67	69	66	63	65	57	62	64	61	60	56	59	58	55	54	53	52	46	51	50	49	48	42	47	45	44	39	37	41	38	36	43	30	40	35	34	32	29	33	31	27	25	22	26	28	24	23	21	19	20	16	13	18	17	15	9	12	14	11	1	7	10	8	6	5	3	2	4	
100	96	95	99	98	97	94	92	90	93	89	86	88	91	87	85	84	80	83	82	81	79	76	78	77	73	75	74	72	71	70	68	69	66	65	67	64	58	63	61	62	59	60	57	53	56	55	54	52	44	51	49	50	47	48	46	45	43	38	40	42	37	36	41	34	39	35	30	31	32	29	28	33	27	25	24	26	21	20	23	19	22	18	17	16	15	14	9	13	12	11	2	7	10	6	5	8	4	1	3	
100	97	96	99	95	98	94	89	93	90	92	84	91	88	87	86	85	82	83	81	80	79	77	78	76	69	73	75	72	74	71	70	68	67	66	65	64	57	63	61	62	60	56	58	53	59	55	54	52	46	51	49	50	48	47	45	43	42	44	41	40	39	38	36	37	35	32	29	33	31	28	30	34	25	27	24	26	22	21	23	19	20	18	14	15	17	16	9	12	11	13	2	8	10	6	5	7	3	4	1	
99	100	96	98	97	95	94	93	90	92	89	83	88	91	87	86	85	82	80	84	81	79	76	78	77	68	74	75	71	73	70	69	67	72	66	64	65	61	63	59	62	57	60	58	52	56	55	54	53	45	51	49	50	48	44	47	46	42	41	38	43	37	36	40	33	39	35	30	32	34	28	31	26	27	25	24	29	23	22	21	20	19	18	14	13	17	16	11	15	12	10	7	6	8	5	4	9	3	1	2	
100	98	97	99	95	96	94	92	93	90	91	87	88	89	86	85	84	83	79	82	80	81	76	78	77	72	74	75	73	71	70	67	69	68	66	64	65	57	63	61	59	58	62	60	53	56	55	54	51	44	52	49	50	47	48	46	45	43	41	42	40	39	38	35	36	34	37	32	29	30	31	28	33	27	23	21	25	26	24	20	22	18	17	13	15	19	16	12	10	14	9	1	11	8	7	6	5	2	3	4	
100	98	95	99	96	97	94	91	93	92	89	83	88	90	87	86	85	80	82	84	81	78	79	77	76	68	73	74	72	71	69	75	67	70	66	65	64	56	63	61	62	59	58	60	54	57	55	52	50	43	53	51	49	48	46	47	45	41	42	39	44	40	38	35	37	33	36	30	34	31	27	29	32	24	26	25	28	21	20	23	19	22	18	14	15	16	12	17	9	11	13	3	10	8	7	5	6	4	2	1	
100	99	98	96	95	97	94	92	90	93	89	83	88	91	87	86	85	79	80	84	81	82	76	78	77	70	73	75	72	74	71	68	69	67	66	64	65	56	63	61	62	60	58	59	54	57	55	51	50	44	53	52	49	48	45	47	46	40	42	39	43	41	38	37	36	35	33	31	30	25	29	28	34	27	32	24	23	26	20	22	18	21	17	13	15	19	16	9	11	14	12	1	8	10	7	6	4	3	5	2	
99	100	95	98	96	97	94	91	93	88	92	90	89	87	86	85	84	80	82	83	81	79	76	78	77	73	75	74	72	71	70	68	66	67	65	69	64	55	63	62	60	59	57	61	58	56	54	53	52	45	51	49	50	48	43	47	46	44	41	39	42	40	37	38	29	35	36	34	33	27	32	31	28	30	25	26	22	21	20	24	19	23	17	16	18	15	13	12	11	10	14	4	7	9	8	5	6	3	2	1	
99	100	95	98	97	96	94	93	92	89	91	84	90	88	87	86	85	83	79	81	80	82	76	78	77	72	74	75	73	70	69	71	68	67	66	65	63	56	62	64	61	60	58	57	53	59	55	54	51	44	52	50	49	48	45	47	46	42	43	41	38	37	36	40	29	34	35	33	39	27	31	32	28	30	22	23	26	25	24	21	20	19	17	14	18	16	15	12	13	10	8	5	11	6	4	3	9	2	1	7	
100	99	98	97	96	95	94	93	91	92	89	83	88	90	87	86	85	81	80	84	82	79	77	78	76	71	72	75	70	74	69	67	68	73	66	64	65	57	63	61	62	60	55	59	58	56	54	52	51	43	53	50	49	48	45	47	46	44	39	40	41	38	37	42	32	36	35	34	29	31	33	28	30	27	26	24	23	25	21	22	18	20	16	14	15	17	12	19	9	10	11	1	13	7	6	5	8	4	3	2	
99	100	96	97	95	98	93	91	92	94	90	84	88	89	87	86	85	79	80	83	82	81	77	78	76	70	73	75	72	74	71	66	69	67	64	68	63	57	62	65	61	58	59	60	54	56	55	53	52	43	51	49	50	48	45	47	46	42	40	41	44	38	37	39	30	35	34	31	36	32	29	33	28	27	24	22	26	25	23	20	19	18	17	13	15	21	16	9	12	14	11	4	8	10	7	6	5	3	1	2	
100	97	96	99	98	95	94	92	93	89	91	83	90	88	87	86	85	79	80	84	82	81	76	78	77	69	74	75	73	72	71	70	67	66	65	68	64	62	63	60	58	57	61	59	54	56	55	51	50	47	53	52	49	48	44	46	45	43	41	38	40	39	35	42	28	37	33	32	36	29	31	34	27	30	22	23	25	26	24	20	18	19	17	12	14	21	15	16	11	13	10	1	7	9	8	6	5	4	2	3	
100	98	96	99	97	95	94	93	91	92	90	85	88	89	87	84	83	82	79	81	80	86	76	78	77	68	73	75	72	74	71	69	67	70	66	64	65	55	63	62	60	59	57	61	56	58	54	53	50	46	52	51	49	47	48	45	43	39	44	37	42	41	36	40	29	38	35	34	33	30	31	32	27	26	23	22	28	25	24	21	19	20	18	17	14	16	15	9	11	12	13	6	7	10	8	5	4	2	1	3	
