100
1917
584
0 2
0 3
0 5
0 8
0 12
0 15
0 17
0 18
0 20
0 22
0 26
0 29
0 33
0 37
0 39
0 41
0 46
0 50
0 52
0 53
0 59
0 62
0 67
0 68
0 70
0 73
0 74
0 77
0 79
0 80
0 81
0 82
0 89
0 96
0 97
0 98
1 2
1 7
1 8
1 12
1 18
1 19
1 21
1 22
1 23
1 24
1 27
1 28
1 29
1 30
1 32
1 37
1 39
1 45
1 46
1 52
1 56
1 60
1 61
1 63
1 65
1 68
1 70
1 73
1 74
1 75
1 80
1 82
1 84
1 86
1 87
1 89
1 92
1 96
2 6
2 7
2 8
2 13
2 14
2 16
2 20
2 23
2 24
2 34
2 39
2 41
2 42
2 44
2 48
2 53
2 54
2 55
2 58
2 59
2 60
2 61
2 66
2 67
2 70
2 71
2 72
2 73
2 74
2 76
2 77
2 78
2 80
2 84
2 85
2 86
2 88
2 89
2 92
3 4
3 8
3 12
3 15
3 16
3 18
3 19
3 20
3 24
3 25
3 27
3 29
3 32
3 36
3 37
3 38
3 40
3 50
3 54
3 56
3 59
3 60
3 65
3 72
3 73
3 75
3 77
3 82
3 83
3 89
3 92
3 93
3 95
3 97
3 99
4 6
4 7
4 9
4 11
4 12
4 15
4 20
4 23
4 26
4 28
4 31
4 33
4 34
4 36
4 39
4 42
4 44
4 49
4 50
4 52
4 54
4 61
4 64
4 66
4 68
4 69
4 74
4 78
4 81
4 82
4 86
4 89
4 90
4 93
4 98
4 99
5 6
5 9
5 10
5 11
5 16
5 19
5 22
5 23
5 25
5 26
5 28
5 30
5 32
5 37
5 41
5 42
5 43
5 46
5 55
5 56
5 58
5 62
5 63
5 64
5 65
5 66
5 70
5 72
5 75
5 76
5 83
5 84
5 87
5 91
5 92
5 96
5 99
6 7
6 8
6 12
6 13
6 15
6 23
6 24
6 25
6 26
6 27
6 30
6 32
6 33
6 39
6 40
6 41
6 43
6 45
6 46
6 57
6 59
6 67
6 68
6 73
6 75
6 77
6 79
6 80
6 81
6 83
6 84
6 86
6 88
6 89
6 91
6 92
6 94
6 95
6 96
6 98
6 99
7 13
7 17
7 36
7 38
7 39
7 40
7 42
7 45
7 52
7 56
7 58
7 60
7 61
7 62
7 63
7 64
7 66
7 67
7 68
7 70
7 73
7 74
7 77
7 79
7 80
7 81
7 85
7 86
7 90
7 91
8 10
8 11
8 15
8 18
8 19
8 20
8 21
8 22
8 24
8 25
8 28
8 29
8 34
8 35
8 40
8 44
8 45
8 49
8 50
8 51
8 52
8 53
8 55
8 57
8 60
8 63
8 65
8 73
8 76
8 77
8 84
8 89
8 90
8 93
8 95
8 97
8 98
8 99
9 13
9 16
9 18
9 23
9 24
9 34
9 38
9 40
9 41
9 42
9 44
9 45
9 47
9 55
9 57
9 59
9 60
9 62
9 66
9 67
9 70
9 71
9 81
9 85
9 86
9 88
9 90
9 92
9 95
9 99
10 11
10 12
10 14
10 16
10 17
10 18
10 22
10 23
10 26
10 27
10 29
10 31
10 32
10 34
10 35
10 36
10 37
10 38
10 43
10 44
10 47
10 53
10 60
10 64
10 66
10 67
10 69
10 71
10 73
10 74
10 77
10 87
10 92
10 93
10 94
10 96
10 97
10 98
10 99
11 17
11 18
11 20
11 23
11 24
11 25
11 32
11 34
11 35
11 39
11 45
11 49
11 50
11 51
11 54
11 55
11 56
11 57
11 58
11 60
11 63
11 64
11 68
11 73
11 78
11 84
11 85
11 87
11 88
11 90
11 91
11 96
11 97
11 98
12 14
12 15
12 17
12 18
12 19
12 21
12 23
12 28
12 30
12 33
12 34
12 35
12 47
12 53
12 55
12 56
12 58
12 61
12 64
12 66
12 67
12 69
12 71
12 72
12 73
12 77
12 79
12 85
12 86
12 94
12 96
12 98
13 14
13 15
13 20
13 24
13 25
13 27
13 31
13 33
13 35
13 39
13 40
13 41
13 42
13 45
13 46
13 49
13 50
13 51
13 52
13 53
13 54
13 59
13 65
13 73
13 75
13 77
13 80
13 84
13 85
13 86
13 87
13 88
13 89
13 97
14 15
14 18
14 20
14 21
14 26
14 29
14 32
14 35
14 37
14 38
14 44
14 45
14 46
14 47
14 48
14 49
14 52
14 53
14 54
14 56
14 57
14 64
14 66
14 70
14 71
14 73
14 81
14 87
14 90
14 98
15 16
15 17
15 22
15 23
15 26
15 28
15 29
15 30
15 31
15 32
15 34
15 39
15 43
15 47
15 50
15 54
15 63
15 65
15 66
15 68
15 69
15 70
15 71
15 74
15 80
15 81
15 84
15 85
15 86
15 88
15 89
15 99
16 19
16 20
16 27
16 28
16 29
16 30
16 37
16 41
16 42
16 45
16 53
16 54
16 67
16 68
16 69
16 76
16 77
16 78
16 79
16 80
16 87
16 93
16 94
16 95
17 22
17 23
17 27
17 30
17 32
17 33
17 38
17 42
17 44
17 45
17 46
17 50
17 51
17 54
17 57
17 60
17 63
17 68
17 72
17 73
17 74
17 77
17 80
17 84
17 93
17 98
18 22
18 23
18 29
18 30
18 31
18 35
18 38
18 41
18 45
18 50
18 55
18 58
18 59
18 63
18 67
18 69
18 70
18 71
18 72
18 74
18 75
18 78
18 79
18 80
18 82
18 84
18 86
18 88
18 95
18 97
18 99
19 20
19 29
19 35
19 36
19 37
19 39
19 42
19 43
19 46
19 48
19 49
19 50
19 51
19 52
19 53
19 55
19 56
19 62
19 67
19 73
19 75
19 84
19 88
19 94
19 96
19 97
19 99
20 22
20 23
20 26
20 27
20 28
20 31
20 32
20 35
20 37
20 42
20 44
20 47
20 50
20 55
20 57
20 59
20 60
20 61
20 64
20 65
20 66
20 67
20 70
20 71
20 73
20 75
20 76
20 79
20 80
20 86
20 87
20 90
20 91
20 92
20 98
20 99
21 23
21 24
21 29
21 34
21 37
21 38
21 40
21 41
21 47
21 48
21 50
21 53
21 54
21 55
21 56
21 58
21 59
21 63
21 70
21 71
21 72
21 75
21 76
21 77
21 79
21 80
21 81
21 86
21 88
21 89
21 91
21 93
22 26
22 27
22 28
22 31
22 33
22 34
22 36
22 43
22 45
22 48
22 50
22 51
22 52
22 53
22 57
22 58
22 59
22 62
22 63
22 64
22 65
22 68
22 69
22 70
22 71
22 72
22 73
22 74
22 75
22 77
22 78
22 79
22 81
22 84
22 85
22 88
22 89
22 90
22 93
22 95
22 96
22 97
22 98
23 24
23 26
23 29
23 30
23 31
23 35
23 37
23 38
23 41
23 44
23 45
23 46
23 47
23 49
23 53
23 54
23 60
23 61
23 63
23 64
23 66
23 67
23 69
23 71
23 72
23 75
23 79
23 80
23 82
23 85
23 95
23 96
24 26
24 27
24 30
24 32
24 36
24 38
24 40
24 45
24 47
24 49
24 53
24 54
24 58
24 60
24 64
24 67
24 71
24 75
24 78
24 85
24 89
24 93
24 94
25 32
25 35
25 40
25 41
25 42
25 49
25 53
25 54
25 59
25 61
25 63
25 68
25 69
25 79
25 80
25 81
25 83
25 93
25 94
25 96
25 97
26 28
26 30
26 34
26 36
26 37
26 39
26 42
26 45
26 49
26 50
26 52
26 53
26 58
26 59
26 64
26 66
26 68
26 70
26 72
26 76
26 77
26 84
26 85
26 86
26 87
26 88
26 89
26 95
26 99
27 28
27 29
27 44
27 45
27 48
27 49
27 50
27 52
27 54
27 56
27 58
27 60
27 63
27 65
27 66
27 67
27 70
27 74
27 75
27 76
27 80
27 85
27 93
27 94
27 95
28 30
28 32
28 35
28 37
28 39
28 42
28 46
28 50
28 53
28 54
28 55
28 56
28 57
28 58
28 59
28 65
28 69
28 73
28 74
28 75
28 77
28 79
28 80
28 83
28 85
28 88
28 93
28 96
28 98
29 30
29 32
29 33
29 34
29 38
29 43
29 45
29 46
29 47
29 49
29 55
29 56
29 59
29 64
29 66
29 67
29 68
29 69
29 72
29 74
29 75
29 76
29 77
29 81
29 82
29 84
29 87
29 93
29 94
29 95
29 96
30 32
30 36
30 38
30 39
30 40
30 41
30 42
30 43
30 47
30 49
30 51
30 55
30 58
30 63
30 64
30 65
30 67
30 68
30 69
30 73
30 75
30 78
30 81
30 85
30 86
30 88
30 95
30 97
31 34
31 37
31 42
31 43
31 46
31 51
31 53
31 55
31 59
31 62
31 64
31 67
31 70
31 72
31 75
31 81
31 83
31 84
31 86
31 88
31 91
31 92
31 93
31 95
31 96
31 98
31 99
32 34
32 47
32 48
32 51
32 52
32 53
32 54
32 58
32 60
32 61
32 66
32 75
32 78
32 82
32 83
32 84
32 85
32 88
32 89
32 92
32 93
32 95
32 96
32 98
32 99
33 34
33 37
33 40
33 43
33 44
33 46
33 50
33 52
33 54
33 61
33 63
33 65
33 66
33 68
33 71
33 72
33 76
33 77
33 79
33 83
33 84
33 86
33 87
33 88
33 90
33 94
33 96
33 97
33 98
33 99
34 36
34 37
34 41
34 46
34 50
34 52
34 53
34 56
34 57
34 58
34 60
34 63
34 64
34 66
34 69
34 70
34 71
34 72
34 73
34 74
34 76
34 78
34 81
34 83
34 84
34 87
34 93
35 38
35 40
35 42
35 46
35 47
35 48
35 52
35 57
35 58
35 59
35 62
35 65
35 70
35 73
35 75
35 78
35 84
35 85
35 88
35 89
35 93
35 98
36 38
36 40
36 41
36 42
36 47
36 48
36 49
36 53
36 54
36 55
36 58
36 60
36 66
36 67
36 68
36 76
36 78
36 79
36 83
36 84
36 90
36 91
36 92
36 93
36 95
36 96
36 98
37 46
37 49
37 52
37 54
37 55
37 57
37 59
37 63
37 67
37 70
37 73
37 74
37 75
37 76
37 79
37 80
37 81
37 82
37 84
37 86
37 89
37 90
37 95
37 96
38 40
38 42
38 43
38 46
38 48
38 49
38 51
38 54
38 56
38 60
38 62
38 63
38 65
38 68
38 70
38 72
38 73
38 76
38 82
38 83
38 84
38 85
38 90
38 91
38 92
38 94
38 95
38 96
38 99
39 41
39 43
39 44
39 47
39 52
39 57
39 61
39 63
39 64
39 66
39 70
39 74
39 76
39 79
39 80
39 81
39 82
39 83
39 87
39 88
39 91
39 95
39 99
40 41
40 44
40 45
40 50
40 52
40 59
40 65
40 66
40 68
40 76
40 77
40 78
40 82
40 83
40 85
40 86
40 87
40 93
40 97
40 99
41 44
41 45
41 46
41 47
41 48
41 50
41 51
41 55
41 57
41 60
41 61
41 64
41 67
41 72
41 74
41 75
41 77
41 79
41 82
41 83
41 86
41 87
41 90
41 91
41 92
41 93
41 97
42 46
42 47
42 50
42 56
42 59
42 61
42 63
42 65
42 72
42 73
42 74
42 76
42 78
42 80
42 87
42 88
42 89
42 92
42 95
42 96
42 99
43 44
43 46
43 50
43 53
43 54
43 55
43 56
43 60
43 61
43 63
43 64
43 65
43 67
43 68
43 69
43 70
43 74
43 77
43 81
43 84
43 86
43 88
43 89
43 90
43 91
43 93
44 49
44 50
44 51
44 52
44 53
44 56
44 58
44 63
44 64
44 66
44 69
44 71
44 74
44 75
44 76
44 81
44 83
44 88
44 89
44 93
44 94
44 97
44 98
45 46
45 52
45 53
45 54
45 56
45 67
45 70
45 72
45 73
45 77
45 82
45 84
45 85
45 87
45 89
45 92
45 93
45 97
45 99
46 47
46 48
46 49
46 50
46 51
46 55
46 56
46 57
46 58
46 60
46 62
46 63
46 66
46 68
46 71
46 72
46 75
46 76
46 79
46 80
46 81
46 83
46 88
46 89
46 99
47 48
47 52
47 54
47 55
47 56
47 57
47 60
47 63
47 65
47 67
47 75
47 82
47 83
47 86
47 89
47 92
47 94
48 52
48 56
48 58
48 59
48 63
48 64
48 66
48 67
48 68
48 69
48 70
48 71
48 72
48 74
48 75
48 76
48 77
48 80
48 83
48 85
48 86
48 87
48 90
48 91
48 92
48 93
48 97
49 58
49 59
49 61
49 62
49 63
49 64
49 67
49 68
49 70
49 73
49 78
49 80
49 83
49 84
49 87
49 89
49 92
49 94
50 51
50 52
50 55
50 57
50 60
50 64
50 65
50 67
50 68
50 71
50 72
50 77
50 79
50 80
50 84
50 87
50 89
50 91
50 94
50 95
50 98
50 99
51 53
51 54
51 56
51 57
51 58
51 62
51 67
51 69
51 70
51 75
51 80
51 83
51 87
51 89
51 90
51 92
51 93
51 96
51 97
51 98
52 53
52 54
52 55
52 61
52 62
52 67
52 68
52 69
52 72
52 73
52 74
52 80
52 86
52 89
52 90
52 91
52 96
52 97
52 98
53 55
53 56
53 58
53 59
53 61
53 64
53 65
53 68
53 71
53 72
53 73
53 76
53 88
53 89
53 90
53 92
53 94
53 96
53 98
53 99
54 58
54 59
54 60
54 61
54 68
54 72
54 74
54 77
54 78
54 80
54 81
54 85
54 86
54 87
54 88
54 91
54 92
54 97
54 99
55 56
55 57
55 58
55 61
55 64
55 65
55 67
55 69
55 72
55 74
55 76
55 79
55 80
55 84
55 85
55 86
55 87
55 89
55 90
55 91
55 95
55 96
56 57
56 60
56 61
56 62
56 64
56 73
56 78
56 79
56 80
56 82
56 83
56 85
56 87
56 88
56 93
56 94
56 99
57 59
57 62
57 64
57 65
57 69
57 70
57 71
57 74
57 75
57 77
57 78
57 81
57 83
57 84
57 89
57 90
58 61
58 62
58 72
58 76
58 77
58 78
58 84
58 89
58 94
58 97
58 99
59 62
59 66
59 67
59 68
59 69
59 70
59 71
59 73
59 80
59 83
59 87
59 89
59 90
59 91
59 93
59 94
59 96
60 61
60 72
60 76
60 77
60 78
60 80
60 84
60 85
60 88
60 89
60 91
60 93
60 94
60 95
60 97
61 62
61 64
61 69
61 73
61 78
61 83
61 85
61 89
61 92
61 97
61 99
62 64
62 66
62 71
62 75
62 79
62 80
62 82
62 83
62 85
62 86
62 93
63 65
63 67
63 68
63 69
63 72
63 73
63 74
63 75
63 76
63 77
63 79
63 82
63 84
63 85
63 87
63 88
63 91
63 96
63 99
64 72
64 75
64 76
64 78
64 79
64 82
64 84
64 88
64 94
64 95
64 98
64 99
65 67
65 70
65 71
65 72
65 75
65 78
65 79
65 82
65 85
65 88
65 91
65 94
65 95
65 99
66 67
66 69
66 75
66 79
66 82
66 84
66 91
66 94
67 70
67 76
67 81
67 82
67 88
67 90
67 94
67 95
67 96
67 99
68 71
68 75
68 76
68 80
68 81
68 82
68 87
68 88
68 90
69 75
69 76
69 80
69 81
69 87
69 88
69 89
69 92
70 73
70 75
70 78
70 79
70 82
70 85
70 89
70 90
70 91
70 92
70 95
70 99
71 73
71 75
71 76
71 82
71 83
71 86
71 91
71 94
72 74
72 75
72 77
72 80
72 82
72 83
72 87
72 91
72 94
72 99
73 77
73 79
73 82
73 83
73 84
73 85
73 88
73 89
73 90
73 92
74 79
74 80
74 85
74 86
74 89
74 94
74 96
74 98
74 99
75 79
75 82
75 84
75 85
75 86
75 89
75 91
75 93
75 96
75 98
76 78
76 80
76 86
76 87
76 89
76 93
76 94
76 99
77 78
77 83
77 84
77 85
77 89
77 91
77 94
77 97
77 98
78 80
78 82
78 83
78 84
78 85
78 88
78 92
78 95
78 97
79 81
79 82
79 90
79 94
79 96
79 97
79 98
80 82
80 83
80 84
80 88
80 90
80 95
80 96
80 98
81 82
81 86
81 87
81 89
81 93
81 94
81 97
82 83
82 86
82 88
82 92
82 93
82 95
83 90
83 91
83 92
83 93
83 96
83 97
83 98
83 99
84 89
84 90
84 91
84 92
84 93
84 97
84 99
85 86
85 88
85 90
85 92
85 94
86 88
86 89
86 94
86 97
87 91
87 92
87 94
87 96
88 93
88 94
88 95
88 97
88 99
89 91
89 93
89 96
89 99
90 93
90 94
90 95
90 99
92 95
92 99
93 94
94 95
95 97
95 98
96 97
96 99
0 1 2676
1 0 1523
1 3 4257
3 1 4996
1 4 4357
4 1 409
1 5 6425
5 1 371
1 9 932
9 1 2035
2 3 6801
3 2 907
2 4 8047
4 2 2491
2 5 8442
5 2 1079
2 9 929
9 2 1426
3 5 8966
5 3 5812
4 5 182
5 4 7279
6 9 1259
9 6 3745
7 8 5457
8 7 3097
7 9 2902
9 7 4515
7 10 3233
10 7 7335
7 11 6162
11 7 5884
7 12 9089
12 7 4294
8 9 1401
9 8 1212
8 13 9199
13 8 4587
9 10 5753
10 9 73
9 11 7232
11 9 1530
9 12 1003
12 9 2331
10 13 9410
13 10 4294
11 12 6960
12 11 2331
11 13 1602
13 11 5418
11 14 9821
14 11 1534
11 15 9502
15 11 3511
11 16 8585
16 11 2060
11 19 861
19 11 8751
11 21 7141
21 11 4133
12 13 1262
13 12 4322
12 25 811
25 12 4774
14 25 6431
25 14 7830
15 18 4969
18 15 1368
15 21 3024
21 15 7724
15 25 1568
25 15 5771
16 17 9175
17 16 8736
16 18 1992
18 16 241
16 21 1396
21 16 1218
16 25 9143
25 16 3821
17 18 4471
18 17 5779
17 19 1618
19 17 4286
17 20 9857
20 17 258
17 21 7363
21 17 4727
17 25 2633
25 17 1496
18 19 8587
19 18 7761
18 20 9744
20 18 2960
18 21 3625
21 18 8738
18 25 23
25 18 523
19 21 5212
21 19 6304
19 25 431
25 19 1442
20 21 4422
21 20 1233
20 25 5344
25 20 558
21 22 4481
22 21 2533
21 25 6815
25 21 3029
22 23 6646
23 22 4934
22 24 6810
24 22 1653
22 25 652
25 22 6142
23 25 454
25 23 8086
24 25 1310
25 24 474
24 31 3851
31 24 2603
25 26 545
26 25 9838
25 27 6941
27 25 42
25 28 2420
28 25 201
25 29 9087
29 25 6732
25 30 8936
30 25 2090
25 31 2467
31 25 9719
25 33 2274
33 25 9075
25 39 2693
39 25 2634
26 27 5902
27 26 2957
26 29 7689
29 26 9080
26 31 1302
31 26 1133
26 33 1490
33 26 5384
27 31 1476
31 27 8869
28 29 2485
29 28 4380
28 31 7093
31 28 7502
28 33 1500
33 28 386
29 31 5646
31 29 7268
29 35 8639
35 29 248
30 31 3043
31 30 2130
30 33 7376
33 30 7859
30 35 1205
35 30 6192
31 32 4934
32 31 9952
31 33 4956
33 31 4154
31 35 2701
35 31 2108
31 39 3014
39 31 8803
32 33 5260
33 32 3842
32 35 5119
35 32 2890
32 39 8679
39 32 9124
33 35 9665
35 33 8396
33 39 5285
39 33 5484
34 35 6013
35 34 8394
34 39 8165
39 34 3587
35 36 6475
36 35 3884
35 37 1533
37 35 3377
35 39 2591
39 35 805
36 37 4243
37 36 8502
36 39 876
39 36 3001
37 38 7311
38 37 3592
37 39 2477
39 37 2941
37 40 7984
40 37 3166
37 41 834
41 37 3215
37 42 9983
42 37 5213
37 43 9208
43 37 9526
37 44 6913
44 37 5457
37 45 7356
45 37 346
38 39 5712
39 38 1790
39 40 1249
40 39 7974
39 42 956
42 39 5223
40 42 7712
42 40 445
40 43 1534
43 40 4351
41 42 4495
42 41 5819
41 43 4638
43 41 1998
42 43 5061
43 42 6606
42 44 5526
44 42 5510
42 45 9485
45 42 9685
43 45 1222
45 43 422
44 45 7097
45 44 9031
44 46 3225
46 44 2367
44 47 2089
47 44 903
44 48 4792
48 44 1238
47 49 9405
49 47 4503
47 50 9837
50 47 1577
47 51 8919
51 47 7147
48 49 5355
49 48 9814
48 50 6756
50 48 1871
48 51 2076
51 48 440
49 50 2364
50 49 4539
49 51 6347
51 49 1490
49 52 4663
52 49 8022
49 53 259
53 49 161
49 54 5267
54 49 9177
49 55 695
55 49 7230
49 56 4404
56 49 8789
49 57 6644
57 49 673
49 60 2459
60 49 4663
50 63 2052
63 50 4828
51 52 7227
52 51 347
51 63 7412
63 51 8247
52 63 4247
63 52 128
53 54 2441
54 53 7847
53 63 2031
63 53 11
54 55 1966
55 54 1269
54 56 1677
56 54 3181
54 57 7216
57 54 7788
54 63 8843
63 54 9657
54 65 5870
65 54 7123
55 63 6520
63 55 2289
56 58 4747
58 56 6748
56 63 5307
63 56 9184
57 58 39
58 57 2315
57 60 8118
60 57 62
57 61 7421
61 57 555
57 63 494
63 57 1519
58 59 7406
59 58 318
58 60 2634
60 58 4445
58 63 589
63 58 1316
58 65 1291
65 58 1943
58 68 4764
68 58 9886
59 60 859
60 59 202
59 61 3463
61 59 5970
59 63 5016
63 59 1919
59 65 5935
65 59 3858
60 63 1811
63 60 437
60 65 7323
65 60 2568
60 68 1684
68 60 3841
61 63 7962
63 61 133
61 65 7041
65 61 5827
61 68 9067
68 61 4251
62 63 2671
63 62 4122
62 65 8001
65 62 8663
62 68 4120
68 62 2635
63 64 6545
64 63 3715
63 66 5005
66 63 606
64 65 6014
65 64 6154
64 66 206
66 64 8441
64 67 1367
67 64 2622
64 68 2695
68 64 1073
64 69 3247
69 64 7414
64 70 5421
70 64 8350
64 71 5197
71 64 9788
64 73 5370
73 64 6079
65 66 1413
66 65 6551
65 68 1845
68 65 5070
65 69 6919
69 65 7715
66 68 2710
68 66 8421
66 71 9366
71 66 2042
66 72 3384
72 66 6080
66 74 9884
74 66 1741
67 68 4672
68 67 6933
67 69 2172
69 67 5059
67 71 1885
71 67 2978
67 72 5576
72 67 5830
67 74 5808
74 67 1382
68 69 9812
69 68 2729
68 70 7966
70 68 8531
68 72 746
72 68 7774
68 74 291
74 68 6146
69 70 7840
70 69 1880
69 71 5322
71 69 3143
69 72 9271
72 69 9789
69 73 8890
73 69 1606
69 74 2581
74 69 4334
69 77 5283
77 69 6711
70 71 246
71 70 1898
70 72 8346
72 70 486
70 74 4446
74 70 2239
70 76 1008
76 70 7742
71 72 5266
72 71 4114
71 74 5914
74 71 5734
72 73 4087
73 72 9858
72 76 7469
76 72 9564
73 74 3643
74 73 9096
73 75 5864
75 73 1218
73 76 9443
76 73 1553
74 75 9366
75 74 7015
74 76 21
76 74 2511
74 77 9444
77 74 5031
74 78 711
78 74 6237
75 76 3776
76 75 9765
75 77 8407
77 75 1121
75 78 9571
78 75 3288
75 80 7724
80 75 2919
76 77 4561
77 76 1667
76 79 749
79 76 5804
76 81 4526
81 76 6714
77 79 3745
79 77 1208
77 81 2130
81 77 3346
77 87 4694
87 77 592
78 79 5296
79 78 2632
78 81 6566
81 78 586
78 87 3284
87 78 8661
79 80 7591
80 79 2194
79 84 1931
84 79 5280
79 85 1570
85 79 4637
80 81 5768
81 80 1028
80 85 6903
85 80 620
80 87 8452
87 80 1523
81 84 6110
84 81 211
81 85 6933
85 81 5308
82 84 2401
84 82 2426
82 85 6947
85 82 6601
82 87 5672
87 82 9844
83 84 4791
84 83 2316
83 85 4773
85 83 607
83 86 7284
86 83 1419
83 87 7073
87 83 7419
83 88 9322
88 83 6137
83 89 7079
89 83 1118
84 85 4936
85 84 7559
84 86 8352
86 84 3239
84 87 35
87 84 6827
84 88 4942
88 84 337
85 87 7813
87 85 1072
86 87 8460
87 86 4043
86 90 9927
90 86 1454
86 92 3430
92 86 2550
87 88 9505
88 87 1836
87 89 3206
89 87 2878
87 90 161
90 87 6690
87 93 7582
93 87 7916
88 89 4315
89 88 8308
88 90 5277
90 88 7308
88 91 8833
91 88 5276
88 92 2571
92 88 299
88 96 5299
96 88 2310
89 90 7303
90 89 867
89 92 2760
92 89 9571
90 91 3492
91 90 1721
90 92 9805
92 90 1974
90 96 1775
96 90 534
91 92 7213
92 91 4515
91 93 5412
93 91 2406
91 94 2322
94 91 8553
91 95 1665
95 91 3614
91 96 3131
96 91 8301
91 97 2427
97 91 8337
91 98 5438
98 91 5417
91 99 1936
99 91 3396
92 93 7808
93 92 7989
92 94 4829
94 92 7792
92 96 8115
96 92 5829
93 96 49
96 93 7000
93 99 1999
99 93 2210
94 96 1889
96 94 9420
94 99 2068
99 94 3966
95 96 573
96 95 2622
95 99 9871
99 95 3906
96 98 7219
98 96 8035
97 98 1004
98 97 7050
97 99 2819
99 97 2171
98 99 3226
99 98 1220

