50
57
30
0 1
1 2
2 3
3 4
4 5
5 6
6 7
7 8
8 9
9 10
10 11
11 12
12 13
13 14
14 15
15 16
16 17
16 18
17 19
17 21
18 19
19 20
20 22
21 22
22 23
23 24
24 25
25 26
26 27
27 28
28 29
29 30
30 31
31 32
31 33
32 35
33 34
34 35
35 36
35 37
36 39
36 41
37 38
37 40
38 39
38 41
39 42
40 41
40 42
41 45
42 43
43 44
44 45
45 46
46 47
47 48
48 49
17 18 1102
18 17 509
18 21 1746
21 18 1777
19 21 1395
21 19 361
20 21 609
21 20 228
32 33 1080
33 32 892
32 34 1691
34 32 1349
36 37 44
37 36 925
36 38 621
38 36 820
36 40 363
40 36 409
38 40 1294
40 38 1245
39 40 2219
40 39 302
39 41 652
41 39 1039
41 42 539
42 41 810
41 43 222
43 41 489
41 44 452
44 41 311

