50
29
2364
0 45
1 2
1 45
2 16
2 41
4 20
6 13
7 42
8 43
9 44
10 40
11 21
12 30
13 32
14 26
15 47
15 49
16 23
16 27
18 38
18 42
19 21
20 27
20 41
22 37
23 24
28 47
32 39
35 40
0 1 1441
1 0 624
0 2 1641
2 0 961
0 3 2180
3 0 920
0 4 1862
4 0 1406
0 5 936
5 0 1015
0 6 977
6 0 407
0 7 2318
7 0 1664
0 8 695
8 0 1237
0 9 2164
9 0 561
0 10 1998
10 0 1753
0 11 2140
11 0 1520
0 12 980
12 0 298
0 13 2453
13 0 925
0 14 112
14 0 617
0 15 1834
15 0 2009
0 16 1290
16 0 328
0 17 1054
17 0 1570
0 18 577
18 0 1368
0 19 1807
19 0 51
0 20 910
20 0 1200
0 21 1869
21 0 925
0 22 351
22 0 47
0 23 1396
23 0 2097
0 24 1275
24 0 1233
0 25 2077
25 0 1520
0 26 1716
26 0 107
0 27 1682
27 0 977
0 28 173
28 0 1283
0 29 1625
29 0 506
0 30 626
30 0 758
0 31 2385
31 0 718
0 32 308
32 0 2180
0 33 1113
33 0 745
0 34 1021
34 0 1431
0 35 374
35 0 244
0 36 1067
36 0 2280
0 37 1808
37 0 326
0 38 835
38 0 822
0 39 1450
39 0 2463
0 40 634
40 0 1664
0 41 817
41 0 2209
0 42 307
42 0 165
0 43 80
43 0 1960
0 44 1216
44 0 1278
0 46 1797
46 0 1034
0 47 370
47 0 384
0 48 1879
48 0 2363
0 49 957
49 0 1391
1 3 21
3 1 1497
1 4 1389
4 1 2486
1 5 1798
5 1 1335
1 6 481
6 1 892
1 7 1809
7 1 1207
1 8 282
8 1 2098
1 9 958
9 1 1406
1 10 763
10 1 369
1 11 1985
11 1 287
1 12 214
12 1 1091
1 13 1071
13 1 1810
1 14 1440
14 1 1745
1 15 2040
15 1 1534
1 17 1804
17 1 576
1 18 536
18 1 2244
1 19 261
19 1 705
1 20 1308
20 1 1067
1 21 117
21 1 721
1 22 438
22 1 1741
1 25 132
25 1 948
1 26 1451
26 1 787
1 28 1026
28 1 1132
1 29 1613
29 1 880
1 30 60
30 1 1962
1 31 2437
31 1 610
1 32 61
32 1 1365
1 33 1871
33 1 1714
1 34 1008
34 1 117
1 35 2444
35 1 1885
1 36 1604
36 1 34
1 37 714
37 1 938
1 38 1917
38 1 1065
1 39 422
39 1 1657
1 40 1821
40 1 211
1 42 27
42 1 153
1 43 2137
43 1 1438
1 44 1339
44 1 447
1 46 1048
46 1 836
1 47 1710
47 1 619
1 48 1448
48 1 57
1 49 321
49 1 2194
2 3 724
3 2 122
2 4 495
4 2 904
2 5 686
5 2 330
2 6 1357
6 2 2467
2 7 126
7 2 2042
2 8 2184
8 2 368
2 9 1379
9 2 725
2 10 177
10 2 2134
2 11 601
11 2 2386
2 12 1972
12 2 1343
2 13 906
13 2 1512
2 14 332
14 2 1529
2 15 1116
15 2 401
2 17 2222
17 2 1434
2 18 1219
18 2 1738
2 19 2039
19 2 1520
2 20 1759
20 2 1351
2 21 1475
21 2 1657
2 22 1301
22 2 592
2 25 920
25 2 52
2 26 2479
26 2 271
2 28 1584
28 2 234
2 29 240
29 2 1403
2 30 1102
30 2 787
2 31 1469
31 2 1292
2 32 2322
32 2 92
2 33 916
33 2 132
2 34 1083
34 2 1771
2 35 143
35 2 213
2 36 992
36 2 2182
2 37 729
37 2 327
2 38 22
38 2 1459
2 39 1938
39 2 1928
2 40 2377
40 2 2327
2 42 1245
42 2 2311
2 43 1797
43 2 1377
2 44 2449
44 2 1550
2 45 999
45 2 781
2 46 157
46 2 520
2 47 23
47 2 606
2 48 1957
48 2 830
2 49 1228
49 2 295
3 4 12
4 3 1956
3 5 35
5 3 1105
3 6 2059
6 3 506
3 7 1041
7 3 2262
3 8 2202
8 3 915
3 9 488
9 3 1812
3 10 1749
10 3 277
3 11 1474
11 3 1549
3 12 314
12 3 1166
3 13 675
13 3 1801
3 14 274
14 3 2024
3 15 1884
15 3 1100
3 16 884
16 3 304
3 17 2288
17 3 970
3 18 1045
18 3 556
3 19 2324
19 3 856
3 20 1636
20 3 648
3 21 1085
21 3 853
3 22 1710
22 3 1101
3 23 296
23 3 2154
3 24 158
24 3 2329
3 25 146
25 3 109
3 26 897
26 3 1550
3 27 1953
27 3 1264
3 28 332
28 3 1307
3 29 2499
29 3 2184
3 30 1476
30 3 455
3 31 336
31 3 23
3 32 2243
32 3 1183
3 33 1501
33 3 1491
3 34 1125
34 3 2109
3 35 575
35 3 1760
3 36 1798
36 3 1110
3 37 493
37 3 609
3 38 1190
38 3 242
3 39 522
39 3 114
3 40 2217
40 3 1866
3 41 31
41 3 9
3 42 532
42 3 1911
3 43 1100
43 3 1998
3 44 1223
44 3 1152
3 45 736
45 3 1743
3 46 1689
46 3 995
3 47 2358
47 3 499
3 48 2153
48 3 88
3 49 57
49 3 942
4 5 2378
5 4 2251
4 6 1127
6 4 766
4 7 1569
7 4 2245
4 8 1970
8 4 553
4 9 1009
9 4 220
4 10 1963
10 4 479
4 11 1867
11 4 826
4 12 1131
12 4 2361
4 13 1291
13 4 947
4 14 1379
14 4 1782
4 15 1011
15 4 2322
4 16 147
16 4 2425
4 17 1831
17 4 150
4 18 1363
18 4 483
4 19 1365
19 4 189
4 21 1376
21 4 1986
4 22 626
22 4 628
4 23 1264
23 4 2250
4 24 656
24 4 1960
4 25 788
25 4 827
4 26 1693
26 4 1485
4 28 930
28 4 628
4 29 2124
29 4 2013
4 30 1532
30 4 215
4 31 259
31 4 867
4 32 163
32 4 2496
4 33 285
33 4 1244
4 34 1783
34 4 606
4 35 1236
35 4 78
4 36 402
36 4 1779
4 37 1233
37 4 1424
4 38 2403
38 4 19
4 39 1179
39 4 1741
4 40 409
40 4 61
4 42 1065
42 4 1364
4 43 476
43 4 1541
4 44 2184
44 4 2371
4 45 2216
45 4 985
4 46 2409
46 4 1966
4 47 2304
47 4 778
4 48 698
48 4 963
4 49 1696
49 4 1297
5 6 231
6 5 2012
5 7 1649
7 5 1286
5 8 1487
8 5 1988
5 9 2168
9 5 1468
5 10 672
10 5 1934
5 11 570
11 5 2098
5 12 1595
12 5 2442
5 13 127
13 5 2430
5 14 399
14 5 1105
5 15 1122
15 5 1426
5 16 905
16 5 799
5 17 1948
17 5 555
5 18 1400
18 5 963
5 19 275
19 5 686
5 20 626
20 5 915
5 21 397
21 5 1420
5 22 138
22 5 756
5 23 345
23 5 234
5 24 348
24 5 512
5 25 1761
25 5 2441
5 26 1698
26 5 1630
5 27 136
27 5 1938
5 28 2312
28 5 239
5 29 194
29 5 2329
5 30 1594
30 5 31
5 31 533
31 5 1411
5 32 228
32 5 2309
5 33 1163
33 5 1117
5 34 1682
34 5 514
5 35 1066
35 5 1272
5 36 2274
36 5 522
5 37 2291
37 5 1377
5 38 1859
38 5 2345
5 39 1458
39 5 1574
5 40 67
40 5 134
5 41 1420
41 5 902
5 42 1659
42 5 1394
5 43 850
43 5 719
5 44 1552
44 5 2223
5 45 1453
45 5 1310
5 46 954
46 5 1261
5 47 846
47 5 2387
5 48 2009
48 5 61
5 49 1340
49 5 800
6 7 636
7 6 1404
6 8 1856
8 6 794
6 9 1553
9 6 2206
6 10 1613
10 6 761
6 11 76
11 6 115
6 12 2368
12 6 1892
6 14 1572
14 6 190
6 15 1061
15 6 831
6 16 735
16 6 1108
6 17 1251
17 6 1550
6 18 1221
18 6 875
6 19 2424
19 6 2006
6 20 1543
20 6 1384
6 21 1649
21 6 1370
6 22 1784
22 6 102
6 23 296
23 6 2470
6 24 1241
24 6 385
6 25 2010
25 6 1943
6 26 1093
26 6 737
6 27 1436
27 6 1939
6 28 2307
28 6 2210
6 29 945
29 6 1938
6 30 275
30 6 135
6 31 2474
31 6 57
6 33 2206
33 6 2162
6 34 636
34 6 1430
6 35 2438
35 6 760
6 36 1804
36 6 2056
6 37 865
37 6 1529
6 38 2125
38 6 609
6 40 2341
40 6 834
6 41 1023
41 6 345
6 42 1540
42 6 444
6 43 1024
43 6 1564
6 44 505
44 6 740
6 45 543
45 6 1127
6 46 2203
46 6 1938
6 47 1882
47 6 2423
6 48 804
48 6 82
6 49 2084
49 6 1683
7 8 1916
8 7 2178
7 9 1824
9 7 2055
7 10 271
10 7 2364
7 11 161
11 7 449
7 12 148
12 7 754
7 13 1946
13 7 1510
7 14 2380
14 7 239
7 15 1688
15 7 1952
7 16 715
16 7 1343
7 17 577
17 7 1203
7 18 849
18 7 263
7 19 1287
19 7 2050
7 20 443
20 7 1878
7 21 98
21 7 451
7 22 1735
22 7 1691
7 23 1498
23 7 1858
7 24 1309
24 7 16
7 25 1428
25 7 86
7 26 1504
26 7 223
7 27 470
27 7 1448
7 28 61
28 7 2391
7 29 1810
29 7 1875
7 30 353
30 7 2226
7 31 2063
31 7 96
7 32 241
32 7 1040
7 33 1410
33 7 1831
7 34 1865
34 7 1670
7 35 2000
35 7 2279
7 36 1077
36 7 1115
7 37 2067
37 7 323
7 38 592
38 7 314
7 39 1958
39 7 576
7 40 2430
40 7 774
7 41 2084
41 7 1073
7 43 2137
43 7 67
7 44 348
44 7 129
7 45 262
45 7 1010
7 46 1202
46 7 4
7 47 892
47 7 286
7 48 1830
48 7 892
7 49 1925
49 7 1768
8 9 554
9 8 1617
8 10 813
10 8 212
8 11 117
11 8 1894
8 12 716
12 8 2469
8 13 2253
13 8 766
8 14 2151
14 8 619
8 15 1580
15 8 343
8 16 2117
16 8 1051
8 17 1915
17 8 267
8 18 154
18 8 1670
8 19 2051
19 8 2112
8 20 2084
20 8 181
8 21 100
21 8 320
8 22 346
22 8 801
8 23 842
23 8 1804
8 24 677
24 8 1995
8 25 262
25 8 388
8 26 865
26 8 994
8 27 214
27 8 2056
8 28 1572
28 8 2496
8 29 1949
29 8 2437
8 30 2369
30 8 161
8 31 1425
31 8 11
8 32 579
32 8 1182
8 33 874
33 8 2073
8 34 1683
34 8 465
8 35 509
35 8 1598
8 36 1388
36 8 2214
8 37 308
37 8 2211
8 38 2313
38 8 2233
8 39 562
39 8 2269
8 40 2004
40 8 1693
8 41 2382
41 8 2400
8 42 2445
42 8 2276
8 44 2313
44 8 3
8 45 1189
45 8 1488
8 46 435
46 8 686
8 47 1416
47 8 1350
8 48 1657
48 8 938
8 49 857
49 8 508
9 10 1364
10 9 597
9 11 908
11 9 1736
9 12 29
12 9 830
9 13 2132
13 9 651
9 14 1082
14 9 1457
9 15 1306
15 9 1204
9 16 660
16 9 837
9 17 1210
17 9 1801
9 18 1481
18 9 1337
9 19 2157
19 9 1366
9 20 267
20 9 486
9 21 211
21 9 1508
9 22 2478
22 9 27
9 23 913
23 9 1712
9 24 115
24 9 834
9 25 1053
25 9 1837
9 26 654
26 9 1870
9 27 2121
27 9 1155
9 28 2321
28 9 96
9 29 1110
29 9 273
9 30 1273
30 9 1571
9 31 1054
31 9 1148
9 32 1876
32 9 1875
9 33 2235
33 9 2264
9 34 383
34 9 580
9 35 553
35 9 1764
9 36 1147
36 9 1830
9 37 1846
37 9 589
9 38 211
38 9 1632
9 39 2233
39 9 1932
9 40 2048
40 9 2415
9 41 409
41 9 2249
9 42 695
42 9 1620
9 43 170
43 9 1746
9 45 1774
45 9 765
9 46 980
46 9 131
9 47 2185
47 9 2188
9 48 2268
48 9 1693
9 49 931
49 9 1984
10 11 1315
11 10 2030
10 12 1778
12 10 436
10 13 438
13 10 1286
10 14 1123
14 10 677
10 15 2134
15 10 231
10 16 449
16 10 2171
10 17 159
17 10 1742
10 18 1807
18 10 11
10 19 460
19 10 2291
10 20 268
20 10 1968
10 21 548
21 10 1652
10 22 1879
22 10 1712
10 23 1700
23 10 2479
10 24 2487
24 10 408
10 25 2107
25 10 1517
10 26 613
26 10 2154
10 27 555
27 10 1015
10 28 2499
28 10 373
10 29 1062
29 10 635
10 30 1275
30 10 1442
10 31 483
31 10 1742
10 32 1837
32 10 1674
10 33 1726
33 10 1797
10 34 1689
34 10 464
10 35 305
35 10 1516
10 36 1408
36 10 2497
10 37 729
37 10 1371
10 38 1037
38 10 929
10 39 1057
39 10 1339
10 41 263
41 10 260
10 42 1949
42 10 2451
10 43 2189
43 10 880
10 44 1853
44 10 639
10 45 2285
45 10 2324
10 46 627
46 10 636
10 47 92
47 10 2121
10 48 1365
48 10 1594
10 49 1006
49 10 133
11 12 2384
12 11 106
11 13 861
13 11 1158
11 14 182
14 11 981
11 15 2444
15 11 1683
11 16 2407
16 11 1785
11 17 323
17 11 1148
11 18 743
18 11 1972
11 19 960
19 11 198
11 20 2385
20 11 1178
11 22 495
22 11 2202
11 23 210
23 11 1058
11 24 285
24 11 1844
11 25 1547
25 11 2233
11 26 970
26 11 987
11 27 2085
27 11 1334
11 28 1149
28 11 1966
11 29 100
29 11 2030
11 30 900
30 11 1091
11 31 658
31 11 2440
11 32 2192
32 11 1003
11 33 1488
33 11 1130
11 34 186
34 11 1718
11 35 1441
35 11 874
11 36 247
36 11 341
11 37 186
37 11 2003
11 38 1349
38 11 1509
11 39 1763
39 11 1699
11 40 518
40 11 2221
11 41 188
41 11 954
11 42 1676
42 11 427
11 43 545
43 11 176
11 44 1214
44 11 755
11 45 1254
45 11 547
11 46 1058
46 11 1505
11 47 1829
47 11 2189
11 48 1027
48 11 20
11 49 62
49 11 532
12 13 713
13 12 2263
12 14 241
14 12 1313
12 15 351
15 12 498
12 16 1878
16 12 1582
12 17 1901
17 12 1696
12 18 1906
18 12 459
12 19 1682
19 12 904
12 20 164
20 12 482
12 21 2119
21 12 2301
12 22 2483
22 12 2138
12 23 1172
23 12 43
12 24 1977
24 12 1793
12 25 1654
25 12 2487
12 26 463
26 12 2226
12 27 2314
27 12 1298
12 28 2200
28 12 966
12 29 2437
29 12 181
12 31 1526
31 12 1988
12 32 1489
32 12 179
12 33 2396
33 12 2226
12 34 1711
34 12 2007
12 35 1905
35 12 1202
12 36 2073
36 12 36
12 37 1005
37 12 1855
12 38 418
38 12 86
12 39 1465
39 12 1673
12 40 1751
40 12 35
12 41 1815
41 12 954
12 42 1757
42 12 2170
12 43 2320
43 12 1585
12 44 976
44 12 1294
12 45 1457
45 12 759
12 46 2494
46 12 1722
12 47 548
47 12 1141
12 48 2400
48 12 283
12 49 1964
49 12 1101
13 14 516
14 13 1963
13 15 1390
15 13 2064
13 16 744
16 13 653
13 17 1990
17 13 959
13 18 762
18 13 301
13 19 1125
19 13 273
13 20 241
20 13 362
13 21 331
21 13 1904
13 22 1502
22 13 1192
13 23 100
23 13 271
13 24 2426
24 13 1159
13 25 2303
25 13 1664
13 26 695
26 13 1445
13 27 123
27 13 746
13 28 1153
28 13 1675
13 29 1182
29 13 2185
13 30 2423
30 13 2163
13 31 2023
31 13 185
13 33 2235
33 13 1256
13 34 811
34 13 2107
13 35 550
35 13 2242
13 36 1229
36 13 397
13 37 1647
37 13 84
13 38 502
38 13 69
13 40 1470
40 13 2080
13 41 495
41 13 1757
13 42 868
42 13 1741
13 43 1189
43 13 1713
13 44 957
44 13 1418
13 45 900
45 13 1516
13 46 1036
46 13 1610
13 47 670
47 13 651
13 48 1718
48 13 715
13 49 1330
49 13 1440
14 15 413
15 14 2004
14 16 447
16 14 891
14 17 1555
17 14 1554
14 18 1343
18 14 743
14 19 576
19 14 457
14 20 2018
20 14 1795
14 21 1880
21 14 2363
14 22 1333
22 14 1552
14 23 1797
23 14 12
14 24 1283
24 14 130
14 25 675
25 14 2290
14 27 2161
27 14 131
14 28 1360
28 14 76
14 29 2229
29 14 1255
14 30 1786
30 14 2076
14 31 2441
31 14 2406
14 32 1867
32 14 253
14 33 1756
33 14 1595
14 34 2421
34 14 1120
14 35 1630
35 14 1777
14 36 1850
36 14 1630
14 37 1824
37 14 515
14 38 93
38 14 387
14 39 507
39 14 871
14 40 1465
40 14 945
14 41 2469
41 14 990
14 42 546
42 14 520
14 43 2183
43 14 578
14 44 230
44 14 953
14 45 2141
45 14 1373
14 46 1461
46 14 1245
14 47 511
47 14 1699
14 48 2244
48 14 19
14 49 345
49 14 586
15 16 2235
16 15 976
15 17 86
17 15 2436
15 18 1317
18 15 1482
15 19 276
19 15 48
15 20 608
20 15 307
15 21 1775
21 15 2428
15 22 1613
22 15 635
15 23 1079
23 15 187
15 24 2245
24 15 613
15 25 915
25 15 2011
15 26 1773
26 15 318
15 27 371
27 15 733
15 28 1715
28 15 1534
15 29 2368
29 15 1671
15 30 449
30 15 283
15 31 1306
31 15 1853
15 32 1957
32 15 95
15 33 307
33 15 392
15 34 1118
34 15 1785
15 35 2483
35 15 1300
15 36 870
36 15 1555
15 37 1194
37 15 445
15 38 1077
38 15 143
15 39 2393
39 15 2303
15 40 1553
40 15 383
15 41 867
41 15 888
15 42 1142
42 15 638
15 43 1367
43 15 2218
15 44 123
44 15 1263
15 45 1868
45 15 374
15 46 1678
46 15 1416
15 48 376
48 15 2004
16 17 225
17 16 2368
16 18 953
18 16 88
16 19 1917
19 16 1508
16 20 1963
20 16 561
16 21 2159
21 16 2412
16 22 689
22 16 644
16 25 1144
25 16 1920
16 26 1443
26 16 1239
16 28 1657
28 16 960
16 29 1848
29 16 1602
16 30 1744
30 16 2113
16 31 1294
31 16 529
16 32 2474
32 16 637
16 33 699
33 16 935
16 34 1882
34 16 719
16 35 1077
35 16 2499
16 36 2276
36 16 1159
16 37 1284
37 16 2206
16 38 401
38 16 1546
16 39 1989
39 16 2012
16 40 930
40 16 1433
16 41 2246
41 16 1950
16 42 2163
42 16 1150
16 43 1673
43 16 1283
16 44 655
44 16 980
16 45 71
45 16 585
16 46 1048
46 16 1872
16 47 2494
47 16 754
16 48 1160
48 16 2099
16 49 1149
49 16 1380
17 18 537
18 17 722
17 19 346
19 17 454
17 20 1297
20 17 1180
17 21 892
21 17 624
17 22 1515
22 17 1955
17 23 2282
23 17 1917
17 24 1316
24 17 486
17 25 955
25 17 326
17 26 773
26 17 1909
17 27 1280
27 17 1574
17 28 1280
28 17 693
17 29 1007
29 17 236
17 30 1474
30 17 398
17 31 2065
31 17 1137
17 32 1248
32 17 1942
17 33 1106
33 17 2039
17 34 644
34 17 83
17 35 2103
35 17 2301
17 36 2074
36 17 188
17 37 2201
37 17 995
17 38 1226
38 17 256
17 39 1776
39 17 1928
17 40 1552
40 17 2252
17 41 2235
41 17 2170
17 42 1603
42 17 470
17 43 2138
43 17 1910
17 44 910
44 17 629
17 45 1263
45 17 1961
17 46 305
46 17 1711
17 47 782
47 17 1738
17 48 2446
48 17 1197
17 49 1022
49 17 1445
18 19 1495
19 18 2154
18 20 1181
20 18 395
18 21 2339
21 18 1214
18 22 467
22 18 743
18 23 2063
23 18 628
18 24 857
24 18 1048
18 25 51
25 18 2186
18 26 1837
26 18 1184
18 27 573
27 18 32
18 28 876
28 18 1133
18 29 2097
29 18 2127
18 30 281
30 18 898
18 31 45
31 18 420
18 32 1404
32 18 504
18 33 1336
33 18 280
18 34 2217
34 18 438
18 35 637
35 18 2481
18 36 466
36 18 1409
18 37 1429
37 18 1406
18 39 1814
39 18 492
18 40 2041
40 18 1411
18 41 1892
41 18 1171
18 43 2097
43 18 2360
18 44 847
44 18 2041
18 45 1590
45 18 187
18 46 35
46 18 1512
18 47 1496
47 18 1804
18 48 332
48 18 1192
18 49 1724
49 18 1632
19 20 373
20 19 237
19 22 2439
22 19 2383
19 23 540
23 19 21
19 24 1375
24 19 506
19 25 456
25 19 2403
19 26 1624
26 19 153
19 27 2431
27 19 2369
19 28 2433
28 19 1178
19 29 929
29 19 1271
19 30 917
30 19 1818
19 31 948
31 19 113
19 32 658
32 19 1028
19 33 1369
33 19 435
19 34 1476
34 19 391
19 35 1252
35 19 187
19 36 2391
36 19 1579
19 37 1380
37 19 1623
19 38 1885
38 19 707
19 39 741
39 19 471
19 40 1073
40 19 901
19 41 1665
41 19 557
19 42 2075
42 19 690
19 43 800
43 19 2239
19 44 1607
44 19 2124
19 45 999
45 19 713
19 46 1343
46 19 1221
19 47 1388
47 19 848
19 48 1235
48 19 1270
19 49 1656
49 19 2374
20 21 473
21 20 592
20 22 1513
22 20 35
20 23 661
23 20 1457
20 24 1529
24 20 203
20 25 978
25 20 67
20 26 2102
26 20 1069
20 28 350
28 20 2496
20 29 1327
29 20 938
20 30 1307
30 20 1798
20 31 1810
31 20 2471
20 32 382
32 20 1677
20 33 1584
33 20 1749
20 34 616
34 20 2040
20 35 2283
35 20 2358
20 36 566
36 20 1825
20 37 815
37 20 1920
20 38 402
38 20 1996
20 39 1347
39 20 1087
20 40 364
40 20 1891
20 42 176
42 20 1904
20 43 930
43 20 823
20 44 2269
44 20 97
20 45 850
45 20 249
20 46 353
46 20 164
20 47 1055
47 20 299
20 48 146
48 20 1934
20 49 871
49 20 889
21 22 1379
22 21 1214
21 23 1152
23 21 220
21 24 1313
24 21 2026
21 25 230
25 21 802
21 26 749
26 21 1554
21 27 2015
27 21 1697
21 28 2390
28 21 2433
21 29 1892
29 21 2396
21 30 625
30 21 8
21 31 2056
31 21 1380
21 32 1992
32 21 1539
21 33 242
33 21 152
21 34 1370
34 21 1309
21 35 2428
35 21 1063
21 36 1091
36 21 471
21 37 1745
37 21 777
21 38 1064
38 21 1066
21 39 1970
39 21 1624
21 40 1490
40 21 1241
21 41 1485
41 21 468
21 42 80
42 21 1109
21 43 1509
43 21 374
21 44 1342
44 21 2431
21 45 1394
45 21 489
21 46 128
46 21 145
21 47 384
47 21 417
21 48 1545
48 21 885
21 49 2218
49 21 1283
22 23 1492
23 22 1230
22 24 637
24 22 573
22 25 260
25 22 1657
22 26 1629
26 22 1784
22 27 1963
27 22 1147
22 28 35
28 22 1588
22 29 1426
29 22 127
22 30 187
30 22 19
22 31 1643
31 22 803
22 32 1684
32 22 1476
22 33 235
33 22 410
22 34 1042
34 22 2041
22 35 421
35 22 1104
22 36 779
36 22 462
22 38 110
38 22 661
22 39 1493
39 22 188
22 40 1778
40 22 475
22 41 1339
41 22 2286
22 42 1371
42 22 839
22 43 1242
43 22 1283
22 44 957
44 22 886
22 45 1414
45 22 1260
22 46 65
46 22 44
22 47 2413
47 22 847
22 48 2222
48 22 440
22 49 783
49 22 2037
23 25 1433
25 23 2202
23 26 2067
26 23 388
23 27 2188
27 23 989
23 28 1049
28 23 2356
23 29 1662
29 23 1061
23 30 1308
30 23 338
23 31 1968
31 23 1140
23 32 366
32 23 1273
23 33 167
33 23 1834
23 34 1793
34 23 1073
23 35 300
35 23 635
23 36 120
36 23 637
23 37 1416
37 23 1088
23 38 1067
38 23 1005
23 39 317
39 23 482
23 40 1155
40 23 1864
23 41 400
41 23 142
23 42 653
42 23 1062
23 43 61
43 23 1328
23 44 873
44 23 1677
23 45 509
45 23 2351
23 46 658
46 23 2402
23 47 1822
47 23 1512
23 48 2117
48 23 382
23 49 1564
49 23 2462
24 25 513
25 24 2382
24 26 2001
26 24 2293
24 27 2037
27 24 2490
24 28 621
28 24 2358
24 29 1772
29 24 1008
24 30 876
30 24 971
24 31 323
31 24 2113
24 32 165
32 24 2000
24 33 82
33 24 1256
24 34 656
34 24 732
24 35 2072
35 24 892
24 36 1826
36 24 2464
24 37 2332
37 24 938
24 38 2280
38 24 1160
24 39 1704
39 24 774
24 40 5
40 24 2047
24 41 659
41 24 866
24 42 2284
42 24 1186
24 43 188
43 24 135
24 44 121
44 24 1692
24 45 1712
45 24 2497
24 46 831
46 24 2072
24 47 720
47 24 1717
24 48 2122
48 24 886
24 49 1351
49 24 2321
25 26 2306
26 25 167
25 27 2177
27 25 2202
25 28 587
28 25 1371
25 29 409
29 25 741
25 30 730
30 25 1112
25 31 1113
31 25 1920
25 32 536
32 25 613
25 33 1779
33 25 1610
25 34 1322
34 25 1952
25 35 5
35 25 201
25 36 189
36 25 928
25 37 1329
37 25 2343
25 38 1062
38 25 1837
25 39 1650
39 25 151
25 40 2465
40 25 2309
25 41 2023
41 25 573
25 42 2021
42 25 983
25 43 2021
43 25 1661
25 44 131
44 25 282
25 45 1959
45 25 224
25 46 1276
46 25 1444
25 47 1
47 25 1068
25 48 1032
48 25 223
25 49 1408
49 25 1893
26 27 733
27 26 156
26 28 2097
28 26 395
26 29 1963
29 26 643
26 30 2352
30 26 1578
26 31 1666
31 26 670
26 32 2324
32 26 739
26 33 752
33 26 1317
26 34 412
34 26 1757
26 35 1299
35 26 2421
26 36 916
36 26 864
26 37 1630
37 26 1639
26 38 339
38 26 269
26 39 275
39 26 120
26 40 2135
40 26 1814
26 41 2469
41 26 1411
26 42 1143
42 26 655
26 43 1623
43 26 678
26 44 908
44 26 1469
26 45 1381
45 26 2380
26 46 2004
46 26 662
26 47 1953
47 26 1595
26 48 1595
48 26 1814
26 49 1877
49 26 1693
27 28 590
28 27 508
27 29 582
29 27 1073
27 30 2277
30 27 1684
27 31 1321
31 27 1355
27 32 2167
32 27 1183
27 33 2493
33 27 224
27 34 1453
34 27 263
27 35 1156
35 27 943
27 36 835
36 27 1265
27 37 1542
37 27 1554
27 38 1862
38 27 1684
27 39 514
39 27 2225
27 40 1831
40 27 1716
27 41 2416
41 27 255
27 42 1258
42 27 19
27 43 795
43 27 1227
27 44 958
44 27 1694
27 45 2032
45 27 347
27 46 2196
46 27 107
27 47 1306
47 27 150
27 48 619
48 27 2434
27 49 1915
49 27 227
28 29 1803
29 28 1366
28 30 963
30 28 2360
28 31 1093
31 28 1786
28 32 2260
32 28 672
28 33 1449
33 28 1183
28 34 961
34 28 1692
28 35 833
35 28 2091
28 36 800
36 28 184
28 37 1946
37 28 846
28 38 829
38 28 905
28 39 2368
39 28 1576
28 40 2292
40 28 110
28 41 1138
41 28 1596
28 42 986
42 28 1408
28 43 1590
43 28 687
28 44 2010
44 28 418
28 45 1674
45 28 352
28 46 1899
46 28 2401
28 48 1852
48 28 2210
28 49 2260
49 28 771
29 30 1608
30 29 2350
29 31 460
31 29 2106
29 32 2339
32 29 263
29 33 1027
33 29 1460
29 34 1966
34 29 2028
29 35 101
35 29 1524
29 36 267
36 29 841
29 37 1417
37 29 1779
29 38 2243
38 29 992
29 39 629
39 29 552
29 40 305
40 29 2033
29 41 192
41 29 1741
29 42 1158
42 29 1027
29 43 732
43 29 2348
29 44 501
44 29 1690
29 45 1742
45 29 2212
29 46 1681
46 29 1150
29 47 1542
47 29 491
29 48 701
48 29 2173
29 49 1775
49 29 623
30 31 1767
31 30 411
30 32 366
32 30 1544
30 33 56
33 30 141
30 34 1717
34 30 2158
30 35 522
35 30 917
30 36 836
36 30 1744
30 37 2475
37 30 1992
30 38 327
38 30 260
30 39 1594
39 30 2477
30 40 635
40 30 1411
30 41 1256
41 30 1840
30 42 1817
42 30 1011
30 43 116
43 30 1590
30 44 375
44 30 107
30 45 758
45 30 688
30 46 2362
46 30 495
30 47 2240
47 30 354
30 48 676
48 30 1733
30 49 1462
49 30 1789
31 32 1947
32 31 671
31 33 1164
33 31 1498
31 34 37
34 31 378
31 35 2337
35 31 513
31 36 1298
36 31 1890
31 37 2355
37 31 2098
31 38 2074
38 31 1111
31 39 1588
39 31 939
31 40 1387
40 31 268
31 41 806
41 31 1526
31 42 155
42 31 986
31 43 1143
43 31 336
31 44 2398
44 31 87
31 45 346
45 31 2022
31 46 415
46 31 1327
31 47 2470
47 31 23
31 48 2311
48 31 1594
31 49 1228
49 31 2247
32 33 1730
33 32 855
32 34 419
34 32 1971
32 35 2096
35 32 169
32 36 1292
36 32 596
32 37 1655
37 32 1168
32 38 2226
38 32 1420
32 40 2495
40 32 435
32 41 1747
41 32 786
32 42 2178
42 32 1895
32 43 1779
43 32 74
32 44 2134
44 32 226
32 45 1257
45 32 1933
32 46 103
46 32 797
32 47 2088
47 32 746
32 48 2497
48 32 2358
32 49 183
49 32 2417
33 34 277
34 33 775
33 35 1040
35 33 438
33 36 2271
36 33 983
33 37 898
37 33 1993
33 38 240
38 33 306
33 39 457
39 33 417
33 40 1937
40 33 119
33 41 1378
41 33 1351
33 42 1376
42 33 339
33 43 579
43 33 1589
33 44 1573
44 33 2129
33 45 2016
45 33 1610
33 46 2288
46 33 1852
33 47 79
47 33 2319
33 48 1409
48 33 2481
33 49 2405
49 33 107
34 35 644
35 34 45
34 36 973
36 34 1647
34 37 2282
37 34 877
34 38 268
38 34 853
34 39 2331
39 34 984
34 40 1558
40 34 25
34 41 457
41 34 281
34 42 12
42 34 2172
34 43 2477
43 34 2290
34 44 1746
44 34 2157
34 45 2169
45 34 2132
34 46 2076
46 34 890
34 47 654
47 34 472
34 48 2499
48 34 2268
34 49 1363
49 34 1329
35 36 1641
36 35 1461
35 37 2053
37 35 1507
35 38 1585
38 35 488
35 39 2073
39 35 979
35 41 1443
41 35 2282
35 42 259
42 35 2168
35 43 2096
43 35 965
35 44 516
44 35 1465
35 45 368
45 35 782
35 46 273
46 35 492
35 47 509
47 35 90
35 48 1821
48 35 1423
35 49 796
49 35 419
36 37 913
37 36 837
36 38 1697
38 36 312
36 39 2195
39 36 1427
36 40 2084
40 36 399
36 41 402
41 36 39
36 42 1965
42 36 2356
36 43 536
43 36 305
36 44 835
44 36 238
36 45 1955
45 36 1556
36 46 2164
46 36 1151
36 47 752
47 36 407
36 48 2307
48 36 1059
36 49 425
49 36 1693
37 38 888
38 37 1789
37 39 413
39 37 1309
37 40 1641
40 37 1659
37 41 2414
41 37 1934
37 42 241
42 37 63
37 43 2154
43 37 151
37 44 2029
44 37 2190
37 45 1382
45 37 1222
37 46 528
46 37 996
37 47 511
47 37 2454
37 48 2263
48 37 648
37 49 2381
49 37 585
38 39 109
39 38 965
38 40 2326
40 38 123
38 41 329
41 38 1893
38 42 1423
42 38 840
38 43 2390
43 38 1385
38 44 2045
44 38 988
38 45 1286
45 38 1346
38 46 2067
46 38 149
38 47 26
47 38 634
38 48 1738
48 38 2496
38 49 2449
49 38 2378
39 40 749
40 39 2408
39 41 1179
41 39 390
39 42 1822
42 39 1683
39 43 1687
43 39 1593
39 44 400
44 39 2195
39 45 840
45 39 1911
39 46 2310
46 39 2320
39 47 1609
47 39 216
39 48 2093
48 39 2422
39 49 548
49 39 2171
40 41 1997
41 40 2006
40 42 244
42 40 330
40 43 2386
43 40 2208
40 44 1205
44 40 1992
40 45 396
45 40 812
40 46 1187
46 40 2049
40 47 663
47 40 2185
40 48 1077
48 40 641
40 49 741
49 40 2100
41 42 245
42 41 1160
41 43 2172
43 41 561
41 44 2253
44 41 723
41 45 1993
45 41 524
41 46 464
46 41 2074
41 47 1857
47 41 1628
41 48 2453
48 41 1866
41 49 33
49 41 764
42 43 1970
43 42 1705
42 44 945
44 42 4
42 45 1917
45 42 1570
42 46 1257
46 42 333
42 47 1532
47 42 1409
42 48 44
48 42 376
42 49 1711
49 42 2353
43 44 256
44 43 433
43 45 942
45 43 213
43 46 1957
46 43 1097
43 47 1035
47 43 799
43 48 2145
48 43 1145
43 49 581
49 43 489
44 45 2437
45 44 147
44 46 954
46 44 654
44 47 2366
47 44 1818
44 48 2061
48 44 1875
44 49 922
49 44 2469
45 46 2131
46 45 1226
45 47 2199
47 45 1148
45 48 607
48 45 133
45 49 1180
49 45 542
46 47 2289
47 46 1987
46 48 339
48 46 762
46 49 1429
49 46 964
47 48 1847
48 47 717
47 49 1863
49 47 2195
48 49 2488
49 48 716

