100
333
8876
0 15
0 19
0 23
0 31
0 57
0 61
0 63
0 81
1 12
1 27
1 31
1 37
1 47
1 52
1 64
1 74
1 84
2 6
2 21
2 46
2 54
2 61
3 34
3 57
3 73
3 99
4 34
4 46
5 17
5 23
5 69
7 15
7 18
7 30
7 33
7 34
7 51
7 59
7 62
7 73
7 88
7 99
8 15
8 18
8 34
8 37
8 51
8 59
8 69
8 88
11 15
11 59
11 88
13 9
16 10
16 34
16 46
16 57
16 73
16 99
17 15
17 21
17 22
17 71
18 6
18 21
20 23
20 30
20 33
20 62
24 6
24 22
24 66
26 2
26 51
26 62
26 63
26 76
26 79
26 88
27 22
27 23
27 39
27 51
27 66
27 80
28 2
28 31
28 39
28 63
28 87
29 15
29 30
29 33
29 37
29 51
29 62
29 73
31 46
32 6
32 15
32 31
32 54
32 63
32 84
35 6
35 21
35 74
35 98
37 23
39 34
39 54
39 59
41 6
41 15
41 21
41 30
41 34
41 54
41 62
41 73
41 99
42 11
42 18
42 22
42 23
42 39
42 52
42 61
42 69
42 71
43 15
43 22
43 23
43 30
43 33
43 40
43 62
43 69
43 71
44 18
44 20
44 29
44 34
44 59
44 69
44 75
44 85
44 97
44 99
45 18
45 23
45 33
45 34
45 51
45 59
45 62
45 69
45 75
45 85
45 88
45 97
45 99
47 15
47 23
47 39
47 46
47 51
47 61
48 33
51 6
51 21
52 15
52 51
52 59
52 88
53 54
55 6
55 10
55 46
55 54
55 57
55 61
58 4
58 15
58 31
58 61
58 63
59 6
59 21
60 2
60 4
60 10
60 19
60 31
60 33
60 57
60 63
60 73
60 79
60 81
65 12
65 15
65 22
65 39
65 46
65 51
65 61
65 63
67 2
67 19
67 31
67 34
67 36
67 38
67 57
68 30
68 37
68 56
68 62
68 69
68 88
70 4
70 10
70 31
70 57
70 63
70 81
70 99
71 88
72 15
72 21
72 22
72 37
72 56
72 64
72 66
72 71
74 15
74 23
76 10
76 18
76 30
76 31
76 33
76 34
76 54
76 57
76 59
76 61
76 73
77 19
77 46
77 54
77 59
77 63
77 64
77 84
78 20
78 29
78 59
78 74
78 85
81 34
82 37
82 51
82 56
82 59
82 62
82 74
83 34
83 38
83 63
84 21
84 23
84 34
84 61
85 6
85 21
85 30
87 15
87 23
87 34
87 46
87 51
87 54
87 61
89 23
90 34
90 50
92 0
92 6
92 50
92 54
92 70
92 74
92 84
93 2
93 10
93 15
93 18
93 31
93 39
93 51
93 57
93 62
93 63
93 69
93 88
93 99
94 10
94 30
94 54
94 57
94 61
94 73
95 18
95 23
95 33
95 39
95 51
95 62
95 69
95 85
95 88
95 97
95 99
96 54
97 15
97 73
98 15
98 23
98 73
0 1 42
1 0 50
0 2 70
2 0 76
0 3 45
3 0 43
0 4 54
4 0 31
0 5 25
5 0 29
0 6 74
6 0 16
0 7 36
7 0 86
0 8 99
8 0 72
0 9 95
9 0 47
0 10 78
10 0 45
0 11 35
11 0 58
0 12 67
12 0 40
0 13 88
13 0 4
0 14 96
14 0 8
0 16 92
16 0 39
0 17 44
17 0 2
0 18 54
18 0 14
0 20 30
20 0 78
0 21 20
21 0 69
0 22 26
22 0 54
0 24 36
24 0 32
0 25 40
25 0 68
0 26 29
26 0 87
0 27 65
27 0 77
0 28 28
28 0 15
0 29 5
29 0 48
0 30 70
30 0 91
0 32 84
32 0 6
0 33 83
33 0 57
0 35 87
35 0 43
0 36 48
36 0 13
0 37 86
37 0 8
0 38 56
38 0 9
0 39 59
39 0 33
0 40 22
40 0 28
0 41 19
41 0 82
0 42 78
42 0 98
0 43 82
43 0 87
0 44 25
44 0 49
0 45 55
45 0 94
0 47 30
47 0 91
0 48 21
48 0 9
0 49 58
49 0 86
0 50 14
50 0 74
0 51 58
51 0 56
0 52 16
52 0 85
0 53 1
53 0 75
0 54 42
54 0 15
0 55 38
55 0 34
0 56 100
56 0 50
0 58 64
58 0 98
0 59 84
59 0 82
0 60 50
60 0 72
0 62 52
62 0 26
0 64 64
64 0 63
0 65 4
65 0 92
0 66 23
66 0 18
0 67 3
67 0 84
0 68 87
68 0 59
0 69 88
69 0 16
0 70 7
70 0 9
0 71 80
71 0 80
0 72 14
72 0 33
0 73 8
73 0 79
0 74 68
74 0 44
0 75 63
75 0 71
0 76 24
76 0 56
0 77 69
77 0 49
0 78 82
78 0 68
0 79 49
79 0 14
0 80 89
80 0 15
0 82 14
82 0 13
0 83 89
83 0 99
0 84 26
84 0 44
0 85 36
85 0 71
0 86 28
86 0 100
0 87 75
87 0 38
0 88 92
88 0 60
0 89 74
89 0 97
0 90 30
90 0 50
0 91 70
91 0 98
0 93 88
93 0 56
0 94 15
94 0 90
0 95 41
95 0 81
0 96 57
96 0 6
0 97 55
97 0 67
0 98 52
98 0 55
0 99 96
99 0 29
1 2 66
2 1 70
1 3 46
3 1 98
1 4 37
4 1 80
1 5 68
5 1 23
1 7 22
7 1 67
1 8 36
8 1 7
1 9 24
9 1 88
1 10 21
10 1 32
1 11 64
11 1 24
1 13 46
13 1 29
1 14 78
14 1 73
1 16 98
16 1 89
1 17 69
17 1 44
1 18 71
18 1 44
1 19 92
19 1 50
1 20 27
20 1 28
1 24 53
24 1 54
1 25 91
25 1 31
1 26 62
26 1 96
1 28 27
28 1 16
1 29 42
29 1 70
1 30 79
30 1 22
1 32 15
32 1 90
1 33 94
33 1 32
1 35 0
35 1 8
1 36 92
36 1 89
1 38 45
38 1 25
1 40 48
40 1 74
1 41 52
41 1 9
1 42 14
42 1 69
1 43 10
43 1 80
1 44 75
44 1 14
1 45 26
45 1 96
1 48 54
48 1 23
1 49 96
49 1 30
1 50 28
50 1 15
1 53 62
53 1 70
1 55 50
55 1 68
1 56 66
56 1 22
1 57 27
57 1 23
1 58 41
58 1 86
1 60 13
60 1 25
1 62 79
62 1 17
1 63 5
63 1 1
1 65 35
65 1 50
1 67 82
67 1 45
1 68 62
68 1 52
1 69 76
69 1 87
1 70 82
70 1 2
1 71 86
71 1 13
1 72 15
72 1 38
1 73 77
73 1 52
1 75 20
75 1 25
1 76 68
76 1 14
1 77 26
77 1 77
1 78 46
78 1 17
1 79 22
79 1 30
1 81 93
81 1 85
1 82 51
82 1 16
1 83 100
83 1 11
1 85 31
85 1 90
1 86 26
86 1 32
1 87 21
87 1 95
1 89 92
89 1 82
1 90 91
90 1 95
1 91 12
91 1 44
1 92 68
92 1 91
1 93 83
93 1 32
1 94 84
94 1 15
1 95 36
95 1 44
1 96 34
96 1 9
1 97 3
97 1 68
1 98 34
98 1 75
1 99 60
99 1 11
2 3 63
3 2 67
2 4 14
4 2 25
2 5 90
5 2 35
2 7 49
7 2 22
2 8 75
8 2 81
2 9 81
9 2 36
2 10 76
10 2 91
2 11 60
11 2 66
2 12 88
12 2 63
2 13 39
13 2 20
2 14 21
14 2 37
2 15 71
15 2 5
2 16 31
16 2 33
2 17 78
17 2 25
2 18 87
18 2 50
2 19 9
19 2 51
2 20 3
20 2 0
2 22 68
22 2 21
2 23 40
23 2 95
2 24 97
24 2 32
2 25 53
25 2 46
2 27 61
27 2 29
2 29 24
29 2 46
2 30 40
30 2 57
2 31 27
31 2 72
2 32 3
32 2 67
2 33 27
33 2 95
2 34 17
34 2 93
2 35 42
35 2 80
2 36 20
36 2 24
2 37 57
37 2 34
2 38 50
38 2 54
2 39 29
39 2 69
2 40 11
40 2 58
2 41 4
41 2 70
2 42 49
42 2 41
2 43 52
43 2 53
2 44 5
44 2 16
2 45 16
45 2 22
2 47 77
47 2 8
2 48 69
48 2 39
2 49 88
49 2 2
2 50 52
50 2 78
2 51 72
51 2 85
2 52 83
52 2 23
2 53 61
53 2 32
2 55 16
55 2 50
2 56 6
56 2 59
2 57 30
57 2 67
2 58 11
58 2 39
2 59 73
59 2 28
2 62 12
62 2 98
2 63 68
63 2 87
2 64 32
64 2 26
2 65 16
65 2 42
2 66 55
66 2 97
2 68 28
68 2 71
2 69 96
69 2 62
2 70 68
70 2 98
2 71 46
71 2 71
2 72 4
72 2 53
2 73 0
73 2 13
2 74 86
74 2 28
2 75 90
75 2 4
2 76 32
76 2 5
2 77 12
77 2 13
2 78 21
78 2 9
2 79 49
79 2 79
2 80 38
80 2 24
2 81 57
81 2 69
2 82 42
82 2 51
2 83 5
83 2 96
2 84 12
84 2 10
2 85 26
85 2 90
2 86 29
86 2 83
2 87 93
87 2 63
2 88 96
88 2 65
2 89 22
89 2 71
2 90 3
90 2 38
2 91 74
91 2 71
2 92 1
92 2 70
2 94 60
94 2 1
2 95 71
95 2 51
2 96 50
96 2 39
2 97 68
97 2 6
2 98 9
98 2 40
2 99 38
99 2 67
3 4 71
4 3 96
3 5 48
5 3 20
3 6 62
6 3 78
3 7 49
7 3 74
3 8 59
8 3 13
3 9 82
9 3 29
3 10 33
10 3 57
3 11 68
11 3 53
3 12 82
12 3 86
3 13 98
13 3 10
3 14 35
14 3 41
3 15 27
15 3 91
3 16 28
16 3 43
3 17 72
17 3 44
3 18 74
18 3 17
3 19 57
19 3 79
3 20 63
20 3 12
3 21 64
21 3 11
3 22 33
22 3 59
3 23 76
23 3 1
3 24 97
24 3 81
3 25 49
25 3 66
3 26 23
26 3 46
3 27 94
27 3 62
3 28 16
28 3 30
3 29 15
29 3 39
3 30 8
30 3 6
3 31 20
31 3 2
3 32 72
32 3 66
3 33 37
33 3 8
3 35 24
35 3 10
3 36 38
36 3 25
3 37 45
37 3 66
3 38 70
38 3 29
3 39 35
39 3 56
3 40 62
40 3 90
3 41 57
41 3 42
3 42 91
42 3 98
3 43 81
43 3 89
3 44 66
44 3 27
3 45 67
45 3 8
3 46 50
46 3 32
3 47 54
47 3 29
3 48 64
48 3 79
3 49 69
49 3 68
3 50 7
50 3 76
3 51 38
51 3 51
3 52 24
52 3 94
3 53 76
53 3 25
3 54 27
54 3 36
3 55 93
55 3 49
3 56 30
56 3 13
3 58 2
58 3 43
3 59 37
59 3 52
3 60 95
60 3 78
3 61 71
61 3 59
3 62 22
62 3 93
3 63 94
63 3 20
3 64 68
64 3 29
3 65 73
65 3 34
3 66 76
66 3 42
3 67 37
67 3 88
3 68 94
68 3 73
3 69 22
69 3 64
3 70 74
70 3 17
3 71 76
71 3 13
3 72 88
72 3 16
3 74 50
74 3 50
3 75 3
75 3 94
3 76 60
76 3 10
3 77 77
77 3 30
3 78 2
78 3 39
3 79 25
79 3 77
3 80 82
80 3 20
3 81 33
81 3 19
3 82 34
82 3 95
3 83 26
83 3 81
3 84 68
84 3 73
3 85 49
85 3 34
3 86 89
86 3 60
3 87 31
87 3 42
3 88 18
88 3 11
3 89 98
89 3 14
3 90 40
90 3 59
3 91 17
91 3 5
3 92 28
92 3 69
3 93 11
93 3 74
3 94 17
94 3 83
3 95 24
95 3 78
3 96 76
96 3 27
3 97 80
97 3 40
3 98 61
98 3 53
4 5 51
5 4 10
4 6 93
6 4 62
4 7 94
7 4 42
4 8 12
8 4 30
4 9 20
9 4 76
4 10 1
10 4 54
4 11 57
11 4 88
4 12 100
12 4 12
4 13 7
13 4 59
4 14 28
14 4 23
4 15 1
15 4 94
4 16 52
16 4 64
4 17 54
17 4 31
4 18 35
18 4 25
4 19 10
19 4 23
4 20 28
20 4 78
4 21 90
21 4 82
4 22 58
22 4 94
4 23 1
23 4 33
4 24 84
24 4 24
4 25 45
25 4 53
4 26 0
26 4 60
4 27 89
27 4 90
4 28 27
28 4 60
4 29 82
29 4 86
4 30 35
30 4 16
4 31 46
31 4 73
4 32 36
32 4 85
4 33 25
33 4 43
4 35 76
35 4 20
4 36 37
36 4 48
4 37 94
37 4 11
4 38 39
38 4 56
4 39 75
39 4 93
4 40 13
40 4 74
4 41 37
41 4 40
4 42 14
42 4 88
4 43 1
43 4 77
4 44 36
44 4 97
4 45 75
45 4 34
4 47 74
47 4 45
4 48 28
48 4 68
4 49 8
49 4 90
4 50 86
50 4 83
4 51 57
51 4 97
4 52 62
52 4 26
4 53 34
53 4 7
4 54 6
54 4 83
4 55 89
55 4 28
4 56 66
56 4 3
4 57 21
57 4 40
4 59 56
59 4 40
4 61 81
61 4 31
4 62 4
62 4 38
4 63 59
63 4 23
4 64 71
64 4 28
4 65 46
65 4 93
4 66 16
66 4 82
4 67 10
67 4 26
4 68 58
68 4 67
4 69 38
69 4 14
4 71 89
71 4 76
4 72 43
72 4 51
4 73 62
73 4 63
4 74 86
74 4 44
4 75 6
75 4 5
4 76 14
76 4 77
4 77 78
77 4 99
4 78 22
78 4 8
4 79 82
79 4 58
4 80 97
80 4 73
4 81 54
81 4 11
4 82 69
82 4 52
4 83 45
83 4 2
4 84 90
84 4 69
4 85 76
85 4 95
4 86 21
86 4 32
4 87 79
87 4 86
4 88 2
88 4 60
4 89 10
89 4 56
4 90 33
90 4 23
4 91 46
91 4 22
4 93 7
93 4 59
4 94 16
94 4 20
4 95 32
95 4 95
4 96 95
96 4 50
4 97 77
97 4 30
4 98 21
98 4 70
4 99 97
99 4 69
5 6 80
6 5 17
5 7 81
7 5 43
5 8 70
8 5 2
5 9 53
9 5 55
5 10 66
10 5 0
5 11 83
11 5 5
5 12 39
12 5 21
5 13 21
13 5 70
5 14 85
14 5 23
5 16 6
16 5 32
5 18 10
18 5 33
5 19 7
19 5 100
5 20 73
20 5 77
5 24 73
24 5 2
5 25 36
25 5 95
5 26 74
26 5 73
5 27 53
27 5 68
5 28 2
28 5 40
5 29 19
29 5 13
5 30 38
30 5 5
5 31 6
31 5 13
5 32 64
32 5 33
5 33 73
33 5 54
5 34 95
34 5 76
5 35 55
35 5 98
5 36 99
36 5 95
5 37 6
37 5 80
5 38 65
38 5 59
5 39 18
39 5 54
5 40 21
40 5 50
5 41 19
41 5 89
5 42 72
42 5 14
5 43 52
43 5 73
5 44 2
44 5 39
5 45 2
45 5 60
5 46 67
46 5 1
5 47 22
47 5 93
5 48 82
48 5 48
5 49 12
49 5 20
5 50 68
50 5 78
5 51 7
51 5 70
5 52 54
52 5 30
5 53 19
53 5 0
5 54 100
54 5 86
5 55 73
55 5 26
5 56 18
56 5 57
5 57 96
57 5 36
5 58 48
58 5 27
5 59 94
59 5 90
5 60 97
60 5 84
5 61 87
61 5 5
5 62 61
62 5 20
5 63 90
63 5 92
5 64 72
64 5 87
5 65 84
65 5 71
5 66 95
66 5 76
5 67 66
67 5 38
5 68 65
68 5 75
5 70 59
70 5 51
5 72 86
72 5 12
5 73 8
73 5 72
5 74 24
74 5 89
5 75 36
75 5 99
5 76 58
76 5 43
5 77 17
77 5 19
5 78 92
78 5 38
5 79 67
79 5 23
5 80 46
80 5 47
5 81 99
81 5 2
5 82 78
82 5 71
5 83 63
83 5 88
5 84 1
84 5 37
5 85 31
85 5 96
5 86 89
86 5 59
5 87 38
87 5 95
5 89 1
89 5 14
5 90 96
90 5 43
5 91 92
91 5 28
5 92 1
92 5 43
5 93 17
93 5 60
5 94 24
94 5 72
5 95 21
95 5 2
5 96 53
96 5 69
5 97 2
97 5 93
5 98 12
98 5 71
5 99 2
99 5 14
6 9 96
9 6 68
6 10 7
10 6 90
6 12 69
12 6 29
6 13 2
13 6 79
6 14 39
14 6 70
6 15 64
15 6 10
6 16 15
16 6 66
6 17 85
17 6 32
6 19 10
19 6 27
6 20 75
20 6 36
6 21 30
21 6 86
6 22 16
22 6 68
6 23 75
23 6 79
6 25 68
25 6 44
6 30 70
30 6 76
6 31 93
31 6 79
6 33 68
33 6 56
6 34 85
34 6 65
6 36 31
36 6 58
6 37 12
37 6 94
6 38 47
38 6 17
6 40 10
40 6 31
6 43 63
43 6 61
6 46 99
46 6 61
6 48 26
48 6 84
6 49 24
49 6 74
6 50 42
50 6 51
6 53 64
53 6 79
6 54 23
54 6 8
6 56 80
56 6 51
6 57 34
57 6 16
6 58 75
58 6 59
6 61 30
61 6 1
6 62 48
62 6 100
6 63 7
63 6 14
6 64 47
64 6 45
6 66 96
66 6 52
6 68 95
68 6 23
6 69 16
69 6 48
6 70 52
70 6 9
6 71 27
71 6 10
6 72 82
72 6 38
6 73 52
73 6 85
6 74 26
74 6 36
6 75 29
75 6 24
6 79 6
79 6 96
6 80 96
80 6 14
6 81 26
81 6 66
6 83 50
83 6 55
6 84 37
84 6 50
6 86 34
86 6 86
6 88 9
88 6 10
6 89 60
89 6 7
6 90 65
90 6 90
6 91 69
91 6 43
6 94 87
94 6 60
6 96 83
96 6 28
6 97 88
97 6 3
6 98 56
98 6 27
6 99 53
99 6 31
7 8 46
8 7 64
7 9 67
9 7 59
7 10 47
10 7 27
7 11 62
11 7 44
7 12 30
12 7 78
7 13 95
13 7 59
7 14 83
14 7 47
7 16 98
16 7 32
7 17 44
17 7 54
7 19 60
19 7 79
7 20 12
20 7 12
7 22 42
22 7 46
7 23 45
23 7 72
7 24 85
24 7 34
7 25 17
25 7 39
7 26 20
26 7 30
7 27 73
27 7 87
7 28 67
28 7 32
7 29 41
29 7 7
7 31 56
31 7 47
7 32 60
32 7 0
7 35 50
35 7 48
7 36 1
36 7 97
7 37 40
37 7 37
7 38 13
38 7 42
7 39 2
39 7 36
7 40 50
40 7 55
7 41 70
41 7 69
7 42 99
42 7 41
7 43 28
43 7 94
7 44 61
44 7 33
7 45 62
45 7 60
7 46 59
46 7 53
7 47 55
47 7 3
7 48 88
48 7 45
7 49 39
49 7 28
7 50 65
50 7 46
7 52 67
52 7 77
7 53 37
53 7 14
7 54 100
54 7 48
7 55 48
55 7 43
7 56 14
56 7 56
7 57 27
57 7 95
7 58 78
58 7 24
7 60 48
60 7 1
7 61 5
61 7 2
7 63 79
63 7 1
7 64 23
64 7 63
7 65 25
65 7 98
7 66 54
66 7 76
7 67 1
67 7 13
7 68 20
68 7 95
7 69 35
69 7 54
7 70 98
70 7 51
7 71 78
71 7 98
7 72 53
72 7 17
7 74 73
74 7 41
7 75 21
75 7 43
7 76 41
76 7 76
7 77 55
77 7 19
7 78 6
78 7 72
7 79 35
79 7 36
7 80 9
80 7 60
7 81 39
81 7 30
7 82 65
82 7 36
7 83 83
83 7 89
7 84 50
84 7 29
7 85 100
85 7 93
7 86 29
86 7 96
7 87 35
87 7 33
7 89 78
89 7 19
7 90 34
90 7 44
7 91 70
91 7 96
7 92 66
92 7 18
7 93 5
93 7 67
7 94 46
94 7 15
7 95 26
95 7 93
7 96 51
96 7 22
7 97 80
97 7 91
7 98 27
98 7 84
8 9 87
9 8 99
8 10 1
10 8 25
8 11 93
11 8 79
8 12 58
12 8 44
8 13 73
13 8 57
8 14 51
14 8 13
8 16 45
16 8 60
8 17 69
17 8 91
8 19 75
19 8 71
8 20 13
20 8 7
8 22 48
22 8 45
8 24 12
24 8 86
8 25 97
25 8 66
8 26 93
26 8 55
8 27 71
27 8 15
8 28 21
28 8 83
8 29 23
29 8 44
8 30 58
30 8 56
8 31 53
31 8 42
8 32 91
32 8 5
8 33 32
33 8 90
8 35 9
35 8 88
8 36 38
36 8 91
8 38 76
38 8 35
8 39 88
39 8 45
8 40 33
40 8 78
8 41 18
41 8 54
8 42 67
42 8 19
8 43 52
43 8 91
8 44 4
44 8 57
8 45 24
45 8 70
8 46 15
46 8 57
8 47 86
47 8 97
8 48 14
48 8 16
8 49 1
49 8 49
8 50 78
50 8 43
8 52 49
52 8 44
8 53 41
53 8 77
8 54 19
54 8 68
8 55 93
55 8 80
8 56 90
56 8 82
8 57 22
57 8 47
8 58 32
58 8 56
8 60 98
60 8 92
8 61 98
61 8 87
8 62 39
62 8 28
8 63 57
63 8 57
8 64 29
64 8 41
8 65 88
65 8 55
8 66 38
66 8 5
8 67 77
67 8 76
8 68 91
68 8 43
8 70 9
70 8 45
8 71 88
71 8 65
8 72 68
72 8 75
8 73 87
73 8 83
8 74 89
74 8 38
8 75 12
75 8 27
8 76 79
76 8 47
8 77 81
77 8 21
8 78 100
78 8 32
8 79 42
79 8 15
8 80 28
80 8 17
8 81 43
81 8 60
8 82 88
82 8 6
8 83 82
83 8 77
8 84 93
84 8 7
8 85 67
85 8 64
8 86 19
86 8 84
8 87 9
87 8 37
8 89 91
89 8 81
8 90 40
90 8 80
8 91 65
91 8 79
8 92 31
92 8 31
8 93 37
93 8 28
8 94 31
94 8 77
8 95 64
95 8 35
8 96 32
96 8 2
8 97 76
97 8 73
8 98 85
98 8 99
8 99 64
99 8 50
9 10 56
10 9 96
9 11 5
11 9 16
9 12 34
12 9 38
9 14 9
14 9 22
9 15 90
15 9 86
9 16 99
16 9 30
9 17 5
17 9 30
9 18 42
18 9 16
9 19 7
19 9 57
9 20 52
20 9 70
9 21 47
21 9 90
9 22 88
22 9 6
9 23 49
23 9 93
9 24 15
24 9 39
9 25 81
25 9 28
9 26 4
26 9 16
9 27 93
27 9 1
9 28 24
28 9 92
9 29 59
29 9 90
9 30 87
30 9 15
9 31 46
31 9 74
9 32 85
32 9 64
9 33 95
33 9 1
9 34 15
34 9 71
9 35 12
35 9 95
9 36 6
36 9 35
9 37 100
37 9 79
9 38 87
38 9 38
9 39 48
39 9 24
9 40 41
40 9 64
9 41 17
41 9 43
9 42 69
42 9 36
9 43 28
43 9 50
9 44 6
44 9 62
9 45 60
45 9 26
9 46 93
46 9 88
9 47 79
47 9 43
9 48 95
48 9 99
9 49 4
49 9 38
9 50 19
50 9 19
9 51 78
51 9 67
9 52 87
52 9 47
9 53 7
53 9 27
9 54 55
54 9 5
9 55 54
55 9 19
9 56 40
56 9 73
9 57 98
57 9 21
9 58 52
58 9 17
9 59 24
59 9 82
9 60 58
60 9 96
9 61 67
61 9 85
9 62 62
62 9 92
9 63 47
63 9 54
9 64 57
64 9 18
9 65 81
65 9 36
9 66 2
66 9 81
9 67 28
67 9 5
9 68 81
68 9 69
9 69 59
69 9 9
9 70 99
70 9 28
9 71 76
71 9 2
9 72 7
72 9 23
9 73 62
73 9 88
9 74 98
74 9 76
9 75 93
75 9 51
9 76 85
76 9 23
9 77 79
77 9 57
9 78 48
78 9 78
9 79 35
79 9 10
9 80 88
80 9 93
9 81 74
81 9 28
9 82 3
82 9 27
9 83 91
83 9 0
9 84 5
84 9 24
9 85 48
85 9 58
9 86 20
86 9 61
9 87 73
87 9 23
9 88 28
88 9 47
9 89 68
89 9 48
9 90 0
90 9 90
9 91 93
91 9 55
9 92 66
92 9 31
9 93 96
93 9 43
9 94 53
94 9 71
9 95 27
95 9 3
9 96 24
96 9 68
9 97 8
97 9 99
9 98 32
98 9 36
9 99 8
99 9 94
10 11 64
11 10 3
10 12 44
12 10 91
10 13 38
13 10 37
10 14 43
14 10 34
10 15 72
15 10 40
10 17 65
17 10 55
10 18 51
18 10 87
10 19 76
19 10 21
10 20 91
20 10 67
10 21 80
21 10 60
10 22 92
22 10 99
10 23 78
23 10 34
10 24 41
24 10 50
10 25 14
25 10 3
10 27 62
27 10 2
10 28 56
28 10 43
10 29 1
29 10 6
10 30 66
30 10 92
10 31 11
31 10 59
10 32 44
32 10 96
10 33 32
33 10 45
10 34 68
34 10 28
10 35 48
35 10 72
10 36 60
36 10 91
10 37 39
37 10 48
10 38 68
38 10 25
10 39 38
39 10 58
10 40 41
40 10 2
10 41 26
41 10 14
10 42 56
42 10 90
10 43 16
43 10 52
10 44 20
44 10 68
10 45 48
45 10 80
10 46 71
46 10 15
10 47 57
47 10 1
10 48 70
48 10 65
10 49 74
49 10 67
10 50 14
50 10 99
10 51 80
51 10 32
10 52 99
52 10 62
10 53 15
53 10 97
10 54 23
54 10 9
10 56 93
56 10 98
10 57 49
57 10 92
10 58 72
58 10 49
10 59 55
59 10 53
10 61 77
61 10 85
10 62 88
62 10 87
10 63 16
63 10 76
10 64 81
64 10 30
10 65 42
65 10 5
10 66 83
66 10 57
10 67 43
67 10 65
10 68 41
68 10 76
10 69 70
69 10 13
10 71 90
71 10 58
10 72 26
72 10 0
10 73 95
73 10 39
10 74 77
74 10 23
10 75 89
75 10 78
10 77 41
77 10 61
10 78 52
78 10 65
10 79 38
79 10 17
10 80 28
80 10 42
10 81 70
81 10 53
10 82 7
82 10 96
10 83 39
83 10 23
10 84 85
84 10 57
10 85 9
85 10 64
10 86 10
86 10 44
10 87 55
87 10 32
10 88 64
88 10 57
10 89 44
89 10 73
10 90 35
90 10 66
10 91 45
91 10 15
10 95 46
95 10 61
10 96 13
96 10 93
10 97 22
97 10 89
10 98 34
98 10 60
10 99 23
99 10 84
11 12 28
12 11 11
11 13 80
13 11 48
11 14 88
14 11 46
11 16 34
16 11 0
11 17 93
17 11 16
11 18 88
18 11 82
11 19 2
19 11 20
11 20 43
20 11 17
11 22 62
22 11 37
11 23 91
23 11 98
11 24 58
24 11 48
11 25 8
25 11 4
11 26 87
26 11 92
11 27 33
27 11 25
11 28 32
28 11 69
11 29 54
29 11 17
11 30 99
30 11 64
11 31 16
31 11 51
11 32 87
32 11 98
11 33 6
33 11 57
11 34 43
34 11 93
11 35 90
35 11 51
11 36 13
36 11 78
11 37 78
37 11 12
11 38 62
38 11 42
11 39 30
39 11 37
11 40 9
40 11 88
11 41 88
41 11 55
11 43 28
43 11 32
11 44 65
44 11 10
11 45 53
45 11 47
11 46 37
46 11 24
11 47 96
47 11 51
11 48 48
48 11 56
11 49 69
49 11 75
11 50 88
50 11 44
11 51 85
51 11 80
11 52 21
52 11 73
11 53 16
53 11 26
11 54 3
54 11 52
11 55 46
55 11 34
11 56 87
56 11 85
11 57 33
57 11 35
11 58 67
58 11 93
11 60 52
60 11 38
11 61 46
61 11 74
11 62 89
62 11 67
11 63 43
63 11 62
11 64 64
64 11 21
11 65 86
65 11 70
11 66 55
66 11 34
11 67 99
67 11 18
11 68 99
68 11 60
11 69 31
69 11 6
11 70 30
70 11 73
11 71 22
71 11 49
11 72 37
72 11 54
11 73 83
73 11 86
11 74 7
74 11 34
11 75 5
75 11 62
11 76 77
76 11 37
11 77 91
77 11 63
11 78 62
78 11 68
11 79 77
79 11 81
11 80 60
80 11 53
11 81 63
81 11 1
11 82 95
82 11 14
11 83 54
83 11 41
11 84 96
84 11 10
11 85 55
85 11 41
11 86 28
86 11 78
11 87 40
87 11 53
11 89 8
89 11 83
11 90 63
90 11 87
11 91 61
91 11 76
11 92 91
92 11 64
11 93 30
93 11 69
11 94 36
94 11 25
11 95 3
95 11 78
11 96 2
96 11 96
11 97 69
97 11 96
11 98 6
98 11 75
11 99 13
99 11 72
12 13 73
13 12 1
12 14 21
14 12 79
12 15 57
15 12 71
12 16 85
16 12 33
12 17 2
17 12 30
12 18 99
18 12 66
12 19 24
19 12 35
12 20 69
20 12 9
12 21 91
21 12 48
12 22 41
22 12 40
12 23 35
23 12 36
12 24 54
24 12 12
12 25 95
25 12 60
12 26 27
26 12 87
12 27 53
27 12 45
12 28 52
28 12 1
12 29 32
29 12 86
12 30 99
30 12 84
12 31 26
31 12 64
12 32 45
32 12 60
12 33 18
33 12 97
12 34 36
34 12 60
12 35 96
35 12 57
12 36 86
36 12 13
12 37 69
37 12 80
12 38 25
38 12 69
12 39 92
39 12 49
12 40 98
40 12 16
12 41 6
41 12 58
12 42 94
42 12 19
12 43 10
43 12 19
12 44 20
44 12 36
12 45 78
45 12 89
12 46 94
46 12 11
12 47 24
47 12 7
12 48 81
48 12 37
12 49 87
49 12 98
12 50 30
50 12 56
12 51 32
51 12 54
12 52 26
52 12 61
12 53 86
53 12 59
12 54 79
54 12 70
12 55 99
55 12 66
12 56 9
56 12 68
12 57 87
57 12 33
12 58 14
58 12 56
12 59 98
59 12 73
12 60 40
60 12 28
12 61 1
61 12 24
12 62 12
62 12 8
12 63 10
63 12 90
12 64 16
64 12 6
12 66 56
66 12 40
12 67 50
67 12 47
12 68 3
68 12 58
12 69 55
69 12 8
12 70 24
70 12 5
12 71 18
71 12 41
12 72 97
72 12 48
12 73 10
73 12 88
12 74 54
74 12 26
12 75 97
75 12 24
12 76 73
76 12 8
12 77 15
77 12 34
12 78 93
78 12 92
12 79 59
79 12 84
12 80 11
80 12 10
12 81 2
81 12 57
12 82 57
82 12 73
12 83 68
83 12 74
12 84 52
84 12 2
12 85 17
85 12 40
12 86 39
86 12 3
12 87 86
87 12 84
12 88 14
88 12 97
12 89 73
89 12 13
12 90 23
90 12 39
12 91 29
91 12 63
12 92 79
92 12 81
12 93 20
93 12 43
12 94 84
94 12 41
12 95 74
95 12 76
12 96 52
96 12 46
12 97 22
97 12 74
12 98 68
98 12 57
12 99 41
99 12 46
13 14 1
14 13 95
13 15 42
15 13 37
13 16 6
16 13 83
13 17 21
17 13 63
13 18 21
18 13 87
13 19 11
19 13 30
13 20 85
20 13 64
13 21 47
21 13 55
13 22 34
22 13 60
13 23 31
23 13 67
13 24 62
24 13 29
13 25 37
25 13 97
13 26 55
26 13 90
13 27 86
27 13 80
13 28 29
28 13 58
13 29 90
29 13 8
13 30 6
30 13 44
13 31 79
31 13 40
13 32 28
32 13 48
13 33 80
33 13 22
13 34 41
34 13 60
13 35 55
35 13 41
13 36 11
36 13 20
13 37 24
37 13 39
13 38 53
38 13 66
13 39 4
39 13 99
13 40 83
40 13 4
13 41 31
41 13 69
13 42 7
42 13 38
13 43 37
43 13 74
13 44 4
44 13 58
13 45 78
45 13 32
13 46 19
46 13 52
13 47 88
47 13 70
13 48 38
48 13 9
13 49 53
49 13 84
13 50 40
50 13 72
13 51 72
51 13 38
13 52 78
52 13 82
13 53 66
53 13 14
13 54 26
54 13 46
13 55 28
55 13 45
13 56 19
56 13 49
13 57 49
57 13 77
13 58 36
58 13 87
13 59 89
59 13 62
13 60 72
60 13 73
13 61 98
61 13 44
13 62 29
62 13 62
13 63 68
63 13 42
13 64 61
64 13 49
13 65 28
65 13 94
13 66 39
66 13 53
13 67 51
67 13 23
13 68 81
68 13 11
13 69 99
69 13 13
13 70 89
70 13 25
13 71 62
71 13 75
13 72 7
72 13 34
13 73 9
73 13 2
13 74 4
74 13 39
13 75 9
75 13 1
13 76 14
76 13 11
13 77 73
77 13 74
13 78 23
78 13 64
13 79 14
79 13 90
13 80 22
80 13 73
13 81 28
81 13 18
13 82 26
82 13 60
13 83 69
83 13 91
13 84 67
84 13 22
13 85 50
85 13 63
13 86 76
86 13 10
13 87 59
87 13 3
13 88 57
88 13 74
13 89 31
89 13 51
13 90 77
90 13 39
13 91 32
91 13 52
13 92 11
92 13 59
13 93 46
93 13 88
13 94 24
94 13 38
13 95 2
95 13 61
13 96 28
96 13 94
13 97 87
97 13 47
13 98 97
98 13 16
13 99 9
99 13 96
14 15 17
15 14 11
14 16 4
16 14 84
14 17 30
17 14 66
14 18 34
18 14 81
14 19 30
19 14 65
14 20 85
20 14 49
14 21 65
21 14 99
14 22 52
22 14 1
14 23 89
23 14 94
14 24 19
24 14 25
14 25 75
25 14 45
14 26 37
26 14 68
14 27 37
27 14 36
14 28 80
28 14 94
14 29 59
29 14 39
14 30 4
30 14 4
14 31 19
31 14 89
14 32 83
32 14 54
14 33 82
33 14 47
14 34 2
34 14 53
14 35 88
35 14 60
14 36 29
36 14 41
14 37 82
37 14 93
14 38 52
38 14 56
14 39 23
39 14 81
14 40 24
40 14 40
14 41 32
41 14 63
14 42 36
42 14 33
14 43 76
43 14 15
14 44 49
44 14 62
14 45 86
45 14 40
14 46 96
46 14 82
14 47 59
47 14 77
14 48 76
48 14 7
14 49 16
49 14 27
14 50 51
50 14 26
14 51 54
51 14 30
14 52 59
52 14 59
14 53 6
53 14 87
14 54 52
54 14 10
14 55 28
55 14 92
14 56 16
56 14 89
14 57 35
57 14 54
14 58 30
58 14 38
14 59 8
59 14 94
14 60 98
60 14 62
14 61 31
61 14 70
14 62 50
62 14 59
14 63 17
63 14 15
14 64 79
64 14 19
14 65 10
65 14 50
14 66 19
66 14 32
14 67 29
67 14 31
14 68 81
68 14 27
14 69 37
69 14 100
14 70 76
70 14 95
14 71 19
71 14 49
14 72 13
72 14 76
14 73 94
73 14 95
14 74 98
74 14 57
14 75 31
75 14 7
14 76 47
76 14 1
14 77 88
77 14 95
14 78 51
78 14 10
14 79 18
79 14 24
14 80 1
80 14 88
14 81 59
81 14 6
14 82 91
82 14 20
14 83 56
83 14 68
14 84 54
84 14 74
14 85 18
85 14 13
14 86 98
86 14 37
14 87 43
87 14 63
14 88 85
88 14 64
14 89 39
89 14 88
14 90 91
90 14 90
14 91 64
91 14 58
14 92 30
92 14 3
14 93 72
93 14 13
14 94 24
94 14 26
14 95 49
95 14 29
14 96 81
96 14 78
14 97 38
97 14 40
14 98 92
98 14 27
14 99 80
99 14 46
15 16 23
16 15 17
15 18 60
18 15 19
15 19 54
19 15 37
15 20 59
20 15 21
15 21 34
21 15 88
15 22 59
22 15 30
15 23 78
23 15 9
15 24 34
24 15 50
15 25 5
25 15 18
15 26 96
26 15 56
15 27 83
27 15 12
15 30 65
30 15 19
15 31 42
31 15 6
15 33 78
33 15 17
15 34 96
34 15 44
15 36 79
36 15 38
15 37 75
37 15 54
15 38 88
38 15 58
15 39 87
39 15 1
15 40 54
40 15 40
15 46 27
46 15 38
15 48 76
48 15 84
15 49 23
49 15 59
15 50 72
50 15 83
15 51 44
51 15 4
15 53 46
53 15 91
15 54 70
54 15 16
15 55 33
55 15 52
15 56 56
56 15 2
15 57 53
57 15 82
15 59 8
59 15 71
15 60 92
60 15 96
15 61 3
61 15 17
15 62 31
62 15 55
15 63 50
63 15 13
15 64 61
64 15 94
15 66 33
66 15 70
15 67 62
67 15 23
15 68 34
68 15 100
15 69 87
69 15 1
15 70 64
70 15 16
15 71 87
71 15 13
15 73 47
73 15 52
15 75 29
75 15 86
15 76 18
76 15 58
15 77 40
77 15 31
15 79 91
79 15 86
15 80 50
80 15 59
15 81 1
81 15 32
15 83 25
83 15 4
15 84 18
84 15 9
15 85 25
85 15 54
15 86 71
86 15 36
15 88 71
88 15 93
15 89 43
89 15 39
15 90 24
90 15 15
15 91 24
91 15 52
15 94 69
94 15 59
15 96 40
96 15 13
15 99 12
99 15 7
16 17 86
17 16 13
16 18 57
18 16 70
16 19 73
19 16 52
16 20 16
20 16 86
16 21 43
21 16 60
16 22 12
22 16 37
16 23 47
23 16 65
16 24 39
24 16 12
16 25 32
25 16 7
16 26 48
26 16 77
16 27 39
27 16 15
16 28 44
28 16 11
16 29 3
29 16 43
16 30 24
30 16 49
16 31 5
31 16 93
16 32 33
32 16 19
16 33 8
33 16 51
16 35 39
35 16 62
16 36 64
36 16 95
16 37 26
37 16 21
16 38 18
38 16 9
16 39 37
39 16 65
16 40 52
40 16 7
16 41 66
41 16 63
16 42 18
42 16 95
16 43 42
43 16 90
16 44 8
44 16 70
16 45 6
45 16 94
16 47 55
47 16 43
16 48 5
48 16 37
16 49 28
49 16 55
16 50 61
50 16 96
16 51 79
51 16 12
16 52 85
52 16 26
16 53 21
53 16 26
16 54 87
54 16 61
16 55 66
55 16 93
16 56 94
56 16 58
16 58 96
58 16 57
16 59 74
59 16 31
16 60 48
60 16 16
16 61 70
61 16 64
16 62 46
62 16 42
16 63 1
63 16 34
16 64 92
64 16 42
16 65 8
65 16 99
16 66 44
66 16 23
16 67 14
67 16 45
16 68 87
68 16 77
16 69 86
69 16 75
16 70 11
70 16 25
16 71 15
71 16 68
16 72 6
72 16 89
16 74 98
74 16 90
16 75 35
75 16 8
16 76 62
76 16 11
16 77 77
77 16 53
16 78 63
78 16 54
16 79 4
79 16 41
16 80 77
80 16 0
16 81 12
81 16 58
16 82 29
82 16 32
16 83 19
83 16 18
16 84 70
84 16 42
16 85 32
85 16 48
16 86 17
86 16 3
16 87 55
87 16 61
16 88 48
88 16 44
16 89 82
89 16 56
16 90 87
90 16 89
16 91 51
91 16 36
16 92 98
92 16 98
16 93 56
93 16 80
16 94 89
94 16 86
16 95 3
95 16 34
16 96 61
96 16 44
16 97 36
97 16 11
16 98 84
98 16 86
17 18 86
18 17 3
17 19 31
19 17 23
17 20 73
20 17 77
17 23 53
23 17 31
17 24 64
24 17 84
17 25 28
25 17 91
17 26 56
26 17 97
17 27 65
27 17 26
17 28 34
28 17 50
17 29 64
29 17 45
17 30 93
30 17 86
17 31 42
31 17 86
17 32 26
32 17 42
17 33 23
33 17 71
17 34 45
34 17 77
17 35 4
35 17 88
17 36 52
36 17 11
17 37 33
37 17 4
17 38 29
38 17 75
17 39 59
39 17 69
17 40 42
40 17 36
17 41 2
41 17 90
17 42 46
42 17 24
17 43 60
43 17 67
17 44 97
44 17 48
17 45 34
45 17 39
17 46 34
46 17 42
17 47 53
47 17 55
17 48 89
48 17 95
17 49 73
49 17 43
17 50 24
50 17 79
17 51 79
51 17 36
17 52 69
52 17 11
17 53 62
53 17 36
17 54 76
54 17 35
17 55 88
55 17 11
17 56 59
56 17 1
17 57 91
57 17 53
17 58 6
58 17 11
17 59 52
59 17 97
17 60 28
60 17 6
17 61 51
61 17 38
17 62 95
62 17 48
17 63 32
63 17 21
17 64 100
64 17 7
17 65 68
65 17 74
17 66 51
66 17 24
17 67 52
67 17 46
17 68 82
68 17 61
17 69 22
69 17 37
17 70 43
70 17 61
17 72 59
72 17 50
17 73 54
73 17 16
17 74 46
74 17 71
17 75 79
75 17 75
17 76 17
76 17 22
17 77 93
77 17 1
17 78 40
78 17 98
17 79 55
79 17 0
17 80 89
80 17 29
17 81 69
81 17 1
17 82 31
82 17 2
17 83 97
83 17 73
17 84 19
84 17 66
17 85 79
85 17 84
17 86 91
86 17 18
17 87 42
87 17 17
17 89 45
89 17 54
17 90 97
90 17 6
17 91 70
91 17 34
17 92 95
92 17 51
17 93 69
93 17 29
17 94 99
94 17 69
17 95 66
95 17 83
17 96 87
96 17 84
17 97 39
97 17 78
17 98 36
98 17 46
17 99 59
99 17 81
18 19 66
19 18 7
18 20 4
20 18 35
18 22 78
22 18 92
18 23 81
23 18 16
18 24 4
24 18 84
18 25 86
25 18 8
18 27 66
27 18 27
18 28 24
28 18 39
18 29 66
29 18 89
18 30 14
30 18 48
18 31 98
31 18 8
18 32 72
32 18 84
18 33 1
33 18 12
18 34 45
34 18 42
18 35 2
35 18 51
18 36 44
36 18 26
18 37 55
37 18 77
18 38 62
38 18 75
18 39 97
39 18 80
18 40 46
40 18 29
18 41 99
41 18 68
18 43 45
43 18 39
18 46 5
46 18 54
18 47 6
47 18 6
18 48 93
48 18 93
18 49 89
49 18 42
18 50 92
50 18 74
18 51 54
51 18 15
18 52 39
52 18 29
18 53 52
53 18 85
18 54 59
54 18 36
18 55 10
55 18 49
18 56 75
56 18 23
18 57 48
57 18 51
18 58 47
58 18 97
18 59 60
59 18 66
18 60 80
60 18 95
18 61 14
61 18 59
18 62 28
62 18 18
18 63 24
63 18 87
18 64 91
64 18 59
18 65 96
65 18 94
18 66 6
66 18 63
18 67 81
67 18 31
18 68 79
68 18 27
18 69 58
69 18 42
18 70 59
70 18 88
18 71 80
71 18 58
18 72 85
72 18 38
18 73 40
73 18 33
18 74 8
74 18 34
18 75 12
75 18 79
18 77 58
77 18 42
18 78 79
78 18 29
18 79 61
79 18 28
18 80 83
80 18 13
18 81 56
81 18 24
18 82 31
82 18 66
18 83 67
83 18 82
18 84 62
84 18 7
18 85 8
85 18 40
18 86 43
86 18 57
18 87 84
87 18 72
18 88 39
88 18 54
18 89 57
89 18 46
18 90 99
90 18 17
18 91 72
91 18 27
18 92 64
92 18 70
18 94 7
94 18 22
18 96 64
96 18 35
18 97 11
97 18 40
18 98 62
98 18 32
18 99 93
99 18 40
19 20 61
20 19 82
19 21 44
21 19 11
19 22 99
22 19 21
19 23 76
23 19 52
19 24 28
24 19 91
19 25 92
25 19 47
19 26 95
26 19 53
19 27 71
27 19 55
19 28 74
28 19 50
19 29 49
29 19 71
19 30 90
30 19 82
19 31 66
31 19 4
19 32 52
32 19 20
19 33 37
33 19 73
19 34 71
34 19 9
19 35 4
35 19 17
19 36 43
36 19 58
19 37 45
37 19 79
19 38 49
38 19 59
19 39 82
39 19 92
19 40 99
40 19 14
19 41 10
41 19 2
19 42 68
42 19 49
19 43 43
43 19 90
19 44 49
44 19 33
19 45 56
45 19 61
19 46 99
46 19 33
19 47 7
47 19 88
19 48 6
48 19 79
19 49 25
49 19 46
19 50 95
50 19 3
19 51 45
51 19 47
19 52 12
52 19 12
19 53 19
53 19 51
19 54 68
54 19 50
19 55 77
55 19 13
19 56 91
56 19 88
19 57 86
57 19 65
19 58 8
58 19 78
19 59 45
59 19 42
19 61 33
61 19 32
19 62 47
62 19 81
19 63 31
63 19 43
19 64 51
64 19 18
19 65 74
65 19 28
19 66 98
66 19 81
19 68 59
68 19 25
19 69 39
69 19 91
19 70 62
70 19 97
19 71 7
71 19 58
19 72 63
72 19 13
19 73 31
73 19 76
19 74 24
74 19 54
19 75 38
75 19 52
19 76 76
76 19 37
19 78 36
78 19 52
19 79 93
79 19 11
19 80 24
80 19 3
19 81 28
81 19 93
19 82 88
82 19 88
19 83 21
83 19 21
19 84 68
84 19 93
19 85 45
85 19 28
19 86 75
86 19 14
19 87 86
87 19 99
19 88 23
88 19 41
19 89 10
89 19 100
19 90 5
90 19 77
19 91 88
91 19 57
19 93 88
93 19 28
19 94 53
94 19 43
19 95 32
95 19 13
19 96 49
96 19 79
19 97 72
97 19 7
19 98 90
98 19 25
19 99 66
99 19 77
20 21 27
21 20 60
20 22 58
22 20 78
20 24 65
24 20 34
20 25 52
25 20 90
20 26 42
26 20 53
20 27 81
27 20 41
20 28 49
28 20 6
20 29 86
29 20 55
20 31 62
31 20 38
20 32 100
32 20 28
20 34 50
34 20 71
20 35 73
35 20 0
20 36 79
36 20 6
20 37 68
37 20 42
20 38 61
38 20 9
20 39 91
39 20 85
20 40 20
40 20 23
20 41 30
41 20 49
20 42 92
42 20 9
20 43 21
43 20 91
20 45 54
45 20 41
20 46 64
46 20 49
20 47 32
47 20 12
20 48 58
48 20 8
20 49 47
49 20 31
20 50 16
50 20 58
20 51 21
51 20 78
20 52 52
52 20 67
20 53 58
53 20 12
20 54 99
54 20 14
20 55 17
55 20 29
20 56 73
56 20 95
20 57 61
57 20 62
20 58 16
58 20 9
20 59 42
59 20 4
20 60 88
60 20 19
20 61 59
61 20 61
20 63 51
63 20 56
20 64 88
64 20 2
20 65 9
65 20 88
20 66 56
66 20 30
20 67 36
67 20 63
20 68 53
68 20 97
20 69 27
69 20 66
20 70 26
70 20 85
20 71 66
71 20 50
20 72 96
72 20 48
20 73 64
73 20 78
20 74 5
74 20 66
20 75 79
75 20 38
20 76 67
76 20 83
20 77 45
77 20 37
20 79 93
79 20 91
20 80 64
80 20 69
20 81 8
81 20 85
20 82 81
82 20 5
20 83 93
83 20 100
20 84 17
84 20 21
20 85 58
85 20 56
20 86 58
86 20 89
20 87 34
87 20 87
20 88 7
88 20 76
20 89 52
89 20 99
20 90 94
90 20 82
20 91 73
91 20 51
20 92 97
92 20 97
20 93 32
93 20 78
20 94 73
94 20 89
20 95 44
95 20 60
20 96 51
96 20 70
20 97 45
97 20 54
20 98 48
98 20 55
20 99 10
99 20 26
21 22 32
22 21 4
21 23 78
23 21 21
21 24 76
24 21 81
21 25 40
25 21 3
21 30 37
30 21 57
21 31 56
31 21 25
21 33 89
33 21 93
21 34 30
34 21 74
21 36 4
36 21 49
21 37 28
37 21 33
21 38 32
38 21 41
21 40 24
40 21 85
21 43 9
43 21 37
21 46 83
46 21 21
21 48 20
48 21 97
21 49 53
49 21 76
21 50 25
50 21 27
21 53 13
53 21 91
21 54 12
54 21 98
21 55 80
55 21 85
21 56 49
56 21 90
21 57 33
57 21 62
21 58 95
58 21 72
21 61 77
61 21 52
21 62 76
62 21 21
21 63 48
63 21 84
21 64 90
64 21 14
21 66 14
66 21 70
21 68 70
68 21 38
21 69 47
69 21 6
21 70 72
70 21 43
21 71 16
71 21 2
21 73 28
73 21 19
21 74 67
74 21 86
21 75 86
75 21 79
21 79 35
79 21 22
21 80 79
80 21 53
21 81 55
81 21 5
21 83 46
83 21 79
21 86 55
86 21 90
21 88 95
88 21 56
21 89 73
89 21 72
21 90 30
90 21 83
21 91 10
91 21 1
21 94 63
94 21 58
21 96 68
96 21 15
21 97 11
97 21 36
21 98 33
98 21 86
21 99 25
99 21 18
22 23 15
23 22 17
22 25 82
25 22 9
22 26 58
26 22 11
22 28 85
28 22 4
22 29 50
29 22 86
22 30 26
30 22 8
22 31 75
31 22 10
22 32 63
32 22 85
22 33 85
33 22 61
22 34 98
34 22 28
22 35 9
35 22 81
22 36 73
36 22 24
22 37 45
37 22 87
22 38 24
38 22 85
22 39 5
39 22 94
22 40 97
40 22 1
22 41 22
41 22 29
22 44 47
44 22 25
22 45 9
45 22 31
22 46 77
46 22 78
22 47 2
47 22 83
22 48 80
48 22 91
22 49 95
49 22 25
22 50 10
50 22 6
22 51 81
51 22 87
22 52 72
52 22 47
22 53 44
53 22 82
22 54 41
54 22 78
22 55 68
55 22 87
22 56 87
56 22 46
22 57 0
57 22 33
22 58 29
58 22 30
22 59 71
59 22 97
22 60 9
60 22 97
22 61 49
61 22 99
22 62 5
62 22 46
22 63 73
63 22 36
22 64 43
64 22 33
22 66 73
66 22 39
22 67 60
67 22 83
22 68 61
68 22 79
22 69 11
69 22 51
22 70 7
70 22 22
22 71 55
71 22 29
22 73 1
73 22 34
22 74 86
74 22 69
22 75 76
75 22 3
22 76 67
76 22 76
22 77 72
77 22 67
22 78 69
78 22 26
22 79 2
79 22 84
22 80 46
80 22 48
22 81 82
81 22 23
22 82 73
82 22 10
22 83 10
83 22 10
22 84 26
84 22 52
22 85 86
85 22 29
22 86 11
86 22 8
22 87 66
87 22 82
22 88 32
88 22 57
22 89 74
89 22 90
22 90 56
90 22 91
22 91 10
91 22 19
22 92 28
92 22 100
22 93 14
93 22 64
22 94 60
94 22 85
22 95 54
95 22 41
22 96 87
96 22 15
22 97 96
97 22 7
22 98 37
98 22 95
22 99 55
99 22 61
23 24 94
24 23 36
23 25 68
25 23 48
23 26 5
26 23 10
23 30 34
30 23 76
23 31 57
31 23 31
23 33 7
33 23 45
23 34 45
34 23 73
23 36 10
36 23 15
23 38 22
38 23 8
23 39 40
39 23 48
23 40 75
40 23 20
23 41 49
41 23 6
23 46 0
46 23 58
23 48 9
48 23 62
23 49 63
49 23 34
23 50 86
50 23 59
23 51 49
51 23 84
23 52 63
52 23 22
23 53 1
53 23 63
23 54 22
54 23 14
23 55 52
55 23 99
23 56 63
56 23 84
23 57 67
57 23 43
23 58 14
58 23 71
23 59 47
59 23 13
23 60 58
60 23 8
23 61 41
61 23 71
23 62 25
62 23 97
23 63 51
63 23 98
23 64 26
64 23 51
23 65 88
65 23 1
23 66 25
66 23 78
23 67 53
67 23 41
23 69 17
69 23 87
23 70 61
70 23 50
23 71 64
71 23 15
23 73 47
73 23 11
23 75 48
75 23 61
23 76 48
76 23 16
23 79 67
79 23 68
23 80 36
80 23 79
23 81 8
81 23 94
23 83 35
83 23 56
23 85 83
85 23 8
23 86 54
86 23 77
23 88 6
88 23 98
23 90 39
90 23 96
23 91 14
91 23 93
23 93 28
93 23 60
23 94 78
94 23 44
23 96 31
96 23 22
23 97 21
97 23 89
23 99 94
99 23 2
24 25 23
25 24 49
24 26 28
26 24 19
24 27 49
27 24 25
24 28 39
28 24 45
24 29 43
29 24 81
24 30 43
30 24 60
24 31 40
31 24 19
24 32 68
32 24 14
24 33 7
33 24 56
24 34 43
34 24 30
24 35 11
35 24 51
24 36 19
36 24 94
24 37 72
37 24 81
24 38 64
38 24 57
24 39 4
39 24 38
24 40 40
40 24 90
24 41 91
41 24 83
24 42 4
42 24 51
24 43 65
43 24 4
24 44 89
44 24 85
24 45 47
45 24 100
24 46 67
46 24 37
24 47 34
47 24 48
24 48 33
48 24 55
24 49 30
49 24 78
24 50 34
50 24 68
24 51 82
51 24 98
24 52 35
52 24 16
24 53 27
53 24 84
24 54 54
54 24 78
24 55 34
55 24 37
24 56 3
56 24 52
24 57 49
57 24 89
24 58 4
58 24 38
24 59 17
59 24 44
24 60 94
60 24 99
24 61 2
61 24 89
24 62 7
62 24 49
24 63 99
63 24 71
24 64 28
64 24 70
24 65 93
65 24 41
24 67 58
67 24 57
24 68 10
68 24 2
24 69 12
69 24 85
24 70 7
70 24 86
24 71 68
71 24 87
24 72 90
72 24 54
24 73 62
73 24 68
24 74 54
74 24 43
24 75 41
75 24 76
24 76 65
76 24 2
24 77 58
77 24 0
24 78 51
78 24 65
24 79 89
79 24 77
24 80 32
80 24 63
24 81 14
81 24 91
24 82 62
82 24 6
24 83 61
83 24 58
24 84 23
84 24 53
24 85 27
85 24 68
24 86 20
86 24 72
24 87 29
87 24 96
24 88 16
88 24 52
24 89 36
89 24 81
24 90 47
90 24 4
24 91 31
91 24 21
24 92 31
92 24 35
24 93 56
93 24 30
24 94 18
94 24 48
24 95 58
95 24 97
24 96 17
96 24 93
24 97 87
97 24 21
24 98 58
98 24 32
24 99 86
99 24 85
25 26 4
26 25 52
25 27 29
27 25 82
25 28 6
28 25 7
25 29 51
29 25 31
25 30 13
30 25 81
25 31 65
31 25 73
25 32 60
32 25 28
25 33 85
33 25 58
25 34 69
34 25 0
25 35 23
35 25 73
25 36 34
36 25 79
25 37 68
37 25 19
25 38 74
38 25 3
25 39 14
39 25 39
25 40 12
40 25 71
25 41 24
41 25 27
25 42 57
42 25 93
25 43 88
43 25 19
25 44 2
44 25 39
25 45 73
45 25 83
25 46 1
46 25 81
25 47 31
47 25 21
25 48 38
48 25 38
25 49 31
49 25 14
25 50 62
50 25 28
25 51 31
51 25 10
25 52 70
52 25 62
25 53 89
53 25 56
25 54 27
54 25 74
25 55 44
55 25 91
25 56 27
56 25 18
25 57 95
57 25 77
25 58 66
58 25 72
25 59 91
59 25 36
25 60 28
60 25 48
25 61 88
61 25 18
25 62 1
62 25 48
25 63 12
63 25 31
25 64 50
64 25 8
25 65 96
65 25 41
25 66 50
66 25 18
25 67 98
67 25 95
25 68 73
68 25 43
25 69 35
69 25 68
25 70 52
70 25 85
25 71 81
71 25 16
25 72 16
72 25 15
25 73 10
73 25 51
25 74 20
74 25 19
25 75 13
75 25 29
25 76 55
76 25 37
25 77 10
77 25 84
25 78 32
78 25 48
25 79 5
79 25 88
25 80 44
80 25 51
25 81 35
81 25 16
25 82 5
82 25 8
25 83 43
83 25 64
25 84 8
84 25 47
25 85 62
85 25 77
25 86 67
86 25 39
25 87 7
87 25 5
25 88 72
88 25 60
25 89 34
89 25 60
25 90 9
90 25 92
25 91 68
91 25 92
25 92 71
92 25 41
25 93 59
93 25 41
25 94 89
94 25 56
25 95 60
95 25 65
25 96 74
96 25 89
25 97 29
97 25 50
25 98 21
98 25 55
25 99 28
99 25 53
26 27 89
27 26 43
26 28 9
28 26 65
26 29 18
29 26 66
26 32 9
32 26 57
26 35 73
35 26 43
26 36 18
36 26 99
26 37 45
37 26 75
26 38 64
38 26 60
26 39 80
39 26 55
26 40 98
40 26 52
26 41 19
41 26 61
26 42 18
42 26 30
26 43 7
43 26 24
26 44 60
44 26 90
26 45 30
45 26 76
26 47 3
47 26 49
26 48 68
48 26 9
26 49 16
49 26 19
26 50 20
50 26 62
26 52 5
52 26 64
26 53 99
53 26 15
26 55 76
55 26 83
26 56 6
56 26 49
26 58 26
58 26 20
26 60 66
60 26 56
26 64 41
64 26 99
26 65 20
65 26 24
26 66 99
66 26 33
26 67 74
67 26 90
26 68 52
68 26 40
26 69 26
69 26 6
26 70 45
70 26 42
26 71 51
71 26 31
26 72 16
72 26 47
26 74 17
74 26 51
26 75 27
75 26 29
26 77 86
77 26 14
26 78 26
78 26 93
26 80 68
80 26 47
26 81 55
81 26 25
26 82 88
82 26 65
26 83 27
83 26 17
26 84 50
84 26 1
26 85 55
85 26 22
26 86 83
86 26 58
26 87 61
87 26 18
26 89 29
89 26 23
26 90 66
90 26 93
26 91 69
91 26 93
26 92 31
92 26 47
26 93 13
93 26 31
26 94 77
94 26 59
26 95 53
95 26 1
26 96 78
96 26 67
26 97 62
97 26 38
26 98 62
98 26 80
26 99 45
99 26 33
27 28 83
28 27 13
27 29 12
29 27 25
27 30 5
30 27 34
27 31 21
31 27 44
27 32 87
32 27 6
27 33 32
33 27 30
27 35 34
35 27 52
27 36 15
36 27 17
27 37 29
37 27 23
27 38 15
38 27 28
27 40 81
40 27 54
27 41 67
41 27 61
27 42 80
42 27 67
27 43 75
43 27 57
27 44 81
44 27 5
27 45 37
45 27 17
27 46 72
46 27 19
27 47 46
47 27 96
27 48 86
48 27 20
27 49 29
49 27 34
27 50 84
50 27 40
27 52 17
52 27 18
27 53 79
53 27 27
27 55 87
55 27 70
27 56 93
56 27 14
27 57 88
57 27 1
27 58 44
58 27 7
27 60 60
60 27 75
27 61 97
61 27 25
27 62 73
62 27 72
27 63 99
63 27 34
27 64 53
64 27 33
27 65 72
65 27 15
27 67 30
67 27 39
27 68 37
68 27 83
27 69 98
69 27 13
27 70 68
70 27 58
27 71 36
71 27 30
27 72 87
72 27 68
27 73 26
73 27 34
27 74 14
74 27 16
27 75 26
75 27 87
27 76 12
76 27 99
27 77 36
77 27 81
27 78 84
78 27 33
27 79 88
79 27 48
27 81 70
81 27 66
27 82 7
82 27 32
27 83 80
83 27 56
27 84 80
84 27 44
27 85 72
85 27 60
27 86 28
86 27 7
27 87 12
87 27 6
27 88 58
88 27 1
27 89 91
89 27 33
27 90 90
90 27 82
27 91 93
91 27 78
27 92 94
92 27 13
27 93 71
93 27 66
27 94 52
94 27 89
27 95 1
95 27 58
27 96 54
96 27 89
27 97 58
97 27 22
27 98 30
98 27 82
27 99 28
99 27 41
28 29 96
29 28 87
28 30 91
30 28 60
28 32 28
32 28 20
28 33 57
33 28 27
28 35 69
35 28 17
28 36 25
36 28 51
28 37 23
37 28 70
28 38 22
38 28 20
28 40 43
40 28 3
28 41 18
41 28 14
28 42 72
42 28 62
28 43 33
43 28 36
28 44 61
44 28 60
28 45 79
45 28 87
28 47 44
47 28 65
28 48 97
48 28 56
28 49 84
49 28 67
28 50 48
50 28 32
28 52 83
52 28 80
28 53 39
53 28 76
28 55 51
55 28 68
28 56 99
56 28 62
28 57 6
57 28 54
28 58 53
58 28 82
28 60 92
60 28 48
28 62 97
62 28 4
28 64 37
64 28 57
28 65 96
65 28 27
28 66 99
66 28 31
28 67 93
67 28 68
28 68 89
68 28 82
28 69 35
69 28 15
28 70 40
70 28 60
28 71 94
71 28 74
28 72 59
72 28 69
28 73 86
73 28 54
28 74 57
74 28 98
28 75 93
75 28 81
28 76 24
76 28 9
28 77 12
77 28 51
28 78 29
78 28 33
28 79 18
79 28 65
28 80 79
80 28 86
28 81 52
81 28 40
28 82 70
82 28 49
28 83 85
83 28 13
28 84 3
84 28 5
28 85 60
85 28 52
28 86 94
86 28 74
28 88 43
88 28 21
28 89 90
89 28 11
28 90 66
90 28 69
28 91 61
91 28 54
28 92 27
92 28 93
28 93 47
93 28 50
28 94 92
94 28 37
28 95 64
95 28 91
28 96 22
96 28 21
28 97 25
97 28 73
28 98 5
98 28 91
28 99 60
99 28 79
29 31 92
31 29 89
29 32 57
32 29 86
29 34 68
34 29 28
29 35 98
35 29 23
29 36 67
36 29 61
29 38 47
38 29 98
29 39 82
39 29 91
29 40 57
40 29 54
29 41 11
41 29 29
29 42 34
42 29 92
29 43 34
43 29 25
29 45 43
45 29 77
29 46 63
46 29 16
29 47 50
47 29 95
29 48 8
48 29 91
29 49 29
49 29 47
29 50 67
50 29 1
29 52 40
52 29 51
29 53 61
53 29 57
29 54 14
54 29 79
29 55 91
55 29 12
29 56 59
56 29 62
29 57 72
57 29 86
29 58 97
58 29 28
29 59 24
59 29 69
29 60 64
60 29 62
29 61 76
61 29 15
29 63 64
63 29 21
29 64 44
64 29 1
29 65 42
65 29 20
29 66 33
66 29 92
29 67 93
67 29 69
29 68 75
68 29 35
29 69 1
69 29 96
29 70 96
70 29 12
29 71 93
71 29 39
29 72 57
72 29 62
29 74 91
74 29 21
29 75 48
75 29 69
29 76 40
76 29 21
29 77 7
77 29 74
29 79 81
79 29 42
29 80 66
80 29 3
29 81 33
81 29 25
29 82 51
82 29 16
29 83 99
83 29 41
29 84 90
84 29 1
29 85 42
85 29 27
29 86 90
86 29 90
29 87 80
87 29 37
29 88 54
88 29 83
29 89 57
89 29 98
29 90 20
90 29 29
29 91 38
91 29 61
29 92 25
92 29 91
29 93 84
93 29 22
29 94 22
94 29 30
29 95 78
95 29 21
29 96 64
96 29 82
29 97 73
97 29 41
29 98 84
98 29 5
29 99 97
99 29 49
30 31 48
31 30 16
30 32 76
32 30 33
30 33 90
33 30 61
30 34 9
34 30 52
30 35 52
35 30 47
30 36 11
36 30 9
30 37 74
37 30 23
30 38 22
38 30 79
30 39 56
39 30 95
30 40 13
40 30 82
30 42 71
42 30 5
30 46 73
46 30 68
30 47 53
47 30 58
30 48 19
48 30 16
30 49 17
49 30 78
30 50 87
50 30 67
30 51 14
51 30 47
30 52 96
52 30 33
30 53 68
53 30 30
30 54 36
54 30 28
30 55 8
55 30 23
30 56 7
56 30 12
30 57 28
57 30 96
30 58 9
58 30 93
30 59 73
59 30 17
30 60 44
60 30 34
30 61 41
61 30 43
30 62 10
62 30 80
30 63 52
63 30 66
30 64 60
64 30 33
30 65 8
65 30 94
30 66 89
66 30 98
30 67 76
67 30 84
30 69 24
69 30 4
30 70 74
70 30 8
30 71 31
71 30 90
30 72 87
72 30 28
30 73 34
73 30 2
30 74 100
74 30 19
30 75 26
75 30 15
30 77 23
77 30 50
30 79 54
79 30 40
30 80 17
80 30 75
30 81 31
81 30 41
30 82 31
82 30 26
30 83 77
83 30 68
30 84 13
84 30 9
30 86 31
86 30 82
30 87 3
87 30 74
30 88 36
88 30 90
30 89 22
89 30 42
30 90 58
90 30 42
30 91 67
91 30 27
30 92 9
92 30 7
30 93 86
93 30 34
30 96 24
96 30 49
30 97 0
97 30 38
30 98 82
98 30 68
30 99 43
99 30 10
31 33 83
33 31 47
31 34 90
34 31 78
31 35 75
35 31 56
31 36 58
36 31 81
31 37 33
37 31 31
31 38 5
38 31 87
31 39 2
39 31 37
31 40 6
40 31 50
31 41 80
41 31 36
31 42 66
42 31 60
31 43 95
43 31 57
31 44 49
44 31 21
31 45 86
45 31 17
31 47 40
47 31 21
31 48 27
48 31 28
31 49 79
49 31 29
31 50 19
50 31 75
31 51 19
51 31 6
31 52 7
52 31 35
31 53 31
53 31 60
31 54 13
54 31 85
31 55 36
55 31 96
31 56 80
56 31 59
31 57 18
57 31 76
31 59 8
59 31 69
31 61 97
61 31 32
31 62 27
62 31 60
31 63 67
63 31 2
31 64 93
64 31 44
31 65 59
65 31 24
31 66 35
66 31 3
31 68 3
68 31 15
31 69 99
69 31 28
31 71 6
71 31 34
31 72 73
72 31 34
31 73 7
73 31 75
31 74 66
74 31 22
31 75 61
75 31 51
31 77 97
77 31 88
31 78 53
78 31 38
31 79 29
79 31 35
31 80 96
80 31 72
31 81 68
81 31 87
31 82 51
82 31 74
31 83 96
83 31 94
31 84 3
84 31 49
31 85 23
85 31 67
31 86 93
86 31 47
31 87 22
87 31 87
31 88 52
88 31 52
31 89 91
89 31 23
31 90 46
90 31 84
31 91 87
91 31 30
31 94 42
94 31 55
31 95 24
95 31 26
31 96 20
96 31 42
31 97 78
97 31 99
31 98 63
98 31 28
31 99 6
99 31 20
32 33 36
33 32 72
32 35 47
35 32 95
32 36 24
36 32 90
32 37 11
37 32 70
32 38 53
38 32 59
32 39 5
39 32 2
32 40 83
40 32 48
32 41 11
41 32 75
32 42 69
42 32 31
32 43 74
43 32 13
32 44 82
44 32 74
32 45 2
45 32 96
32 47 46
47 32 23
32 48 34
48 32 8
32 49 16
49 32 92
32 50 93
50 32 68
32 51 9
51 32 68
32 52 6
52 32 15
32 53 50
53 32 17
32 55 70
55 32 8
32 56 87
56 32 17
32 57 33
57 32 33
32 58 33
58 32 38
32 59 80
59 32 43
32 60 79
60 32 25
32 62 69
62 32 99
32 64 26
64 32 86
32 65 55
65 32 43
32 66 90
66 32 66
32 67 37
67 32 48
32 68 23
68 32 1
32 69 63
69 32 80
32 70 29
70 32 57
32 71 0
71 32 12
32 72 79
72 32 0
32 73 97
73 32 55
32 74 25
74 32 44
32 75 89
75 32 82
32 76 16
76 32 91
32 77 44
77 32 72
32 78 5
78 32 45
32 79 64
79 32 87
32 80 1
80 32 34
32 81 82
81 32 56
32 82 44
82 32 31
32 83 99
83 32 6
32 85 87
85 32 0
32 86 26
86 32 50
32 87 64
87 32 6
32 88 74
88 32 68
32 89 34
89 32 68
32 90 67
90 32 94
32 91 59
91 32 34
32 92 74
92 32 81
32 93 90
93 32 27
32 94 63
94 32 16
32 95 37
95 32 47
32 96 19
96 32 50
32 97 52
97 32 40
32 98 29
98 32 45
32 99 18
99 32 45
33 34 15
34 33 74
33 35 22
35 33 36
33 36 51
36 33 58
33 37 49
37 33 80
33 38 94
38 33 1
33 39 28
39 33 82
33 40 21
40 33 42
33 41 49
41 33 47
33 42 5
42 33 71
33 46 4
46 33 97
33 47 29
47 33 23
33 49 56
49 33 8
33 50 79
50 33 68
33 51 62
51 33 89
33 52 64
52 33 24
33 53 43
53 33 38
33 54 58
54 33 69
33 55 15
55 33 34
33 56 92
56 33 57
33 57 56
57 33 49
33 58 42
58 33 5
33 59 94
59 33 33
33 61 14
61 33 97
33 62 52
62 33 83
33 63 45
63 33 93
33 64 58
64 33 18
33 65 67
65 33 85
33 66 15
66 33 24
33 67 30
67 33 61
33 68 37
68 33 90
33 69 36
69 33 42
33 70 76
70 33 50
33 71 48
71 33 90
33 72 37
72 33 35
33 73 76
73 33 51
33 74 1
74 33 35
33 75 91
75 33 78
33 77 55
77 33 96
33 79 34
79 33 57
33 80 82
80 33 72
33 81 59
81 33 84
33 82 64
82 33 34
33 83 95
83 33 69
33 84 23
84 33 99
33 85 26
85 33 57
33 86 44
86 33 99
33 87 38
87 33 12
33 88 87
88 33 44
33 89 5
89 33 43
33 90 75
90 33 71
33 91 87
91 33 24
33 92 19
92 33 76
33 93 99
93 33 43
33 94 52
94 33 35
33 96 2
96 33 74
33 97 93
97 33 15
33 98 69
98 33 90
33 99 64
99 33 34
34 35 68
35 34 55
34 36 68
36 34 88
34 37 8
37 34 42
34 38 49
38 34 32
34 40 42
40 34 21
34 43 99
43 34 10
34 46 39
46 34 91
34 48 11
48 34 13
34 49 70
49 34 17
34 50 6
50 34 86
34 51 18
51 34 42
34 52 41
52 34 7
34 53 66
53 34 67
34 54 3
54 34 80
34 55 41
55 34 11
34 56 83
56 34 30
34 57 60
57 34 3
34 59 73
59 34 38
34 61 34
61 34 41
34 62 13
62 34 6
34 63 90
63 34 90
34 64 64
64 34 3
34 66 2
66 34 61
34 68 10
68 34 85
34 69 67
69 34 90
34 71 20
71 34 90
34 72 17
72 34 18
34 73 69
73 34 64
34 74 42
74 34 27
34 75 1
75 34 81
34 78 93
78 34 86
34 79 14
79 34 11
34 80 45
80 34 66
34 82 30
82 34 84
34 85 75
85 34 10
34 86 65
86 34 74
34 88 58
88 34 94
34 89 30
89 34 70
34 91 46
91 34 50
34 94 20
94 34 1
34 96 91
96 34 7
34 97 17
97 34 82
34 98 57
98 34 4
34 99 98
99 34 8
35 36 47
36 35 58
35 37 70
37 35 94
35 38 14
38 35 42
35 39 7
39 35 64
35 40 82
40 35 99
35 41 42
41 35 69
35 42 61
42 35 99
35 43 57
43 35 57
35 44 47
44 35 37
35 45 56
45 35 29
35 46 25
46 35 41
35 47 20
47 35 50
35 48 88
48 35 19
35 49 34
49 35 18
35 50 60
50 35 75
35 51 99
51 35 26
35 52 38
52 35 64
35 53 70
53 35 45
35 54 77
54 35 33
35 55 79
55 35 74
35 56 95
56 35 15
35 57 97
57 35 41
35 58 21
58 35 41
35 59 90
59 35 85
35 60 80
60 35 81
35 61 52
61 35 22
35 62 8
62 35 61
35 63 15
63 35 1
35 64 9
64 35 27
35 65 69
65 35 87
35 66 66
66 35 7
35 67 96
67 35 59
35 68 74
68 35 20
35 69 89
69 35 40
35 70 71
70 35 26
35 71 22
71 35 46
35 72 14
72 35 36
35 75 89
75 35 94
35 76 24
76 35 29
35 77 24
77 35 74
35 78 34
78 35 38
35 79 29
79 35 33
35 80 26
80 35 33
35 81 82
81 35 98
35 82 41
82 35 9
35 83 90
83 35 18
35 84 8
84 35 72
35 85 74
85 35 14
35 86 86
86 35 51
35 87 97
87 35 63
35 88 76
88 35 76
35 89 88
89 35 45
35 90 19
90 35 49
35 91 9
91 35 26
35 92 61
92 35 61
35 93 34
93 35 98
35 94 82
94 35 55
35 95 77
95 35 17
35 96 60
96 35 19
35 97 64
97 35 53
35 99 12
99 35 7
36 37 14
37 36 87
36 38 94
38 36 37
36 39 98
39 36 23
36 40 58
40 36 48
36 41 48
41 36 57
36 42 38
42 36 74
36 43 94
43 36 54
36 44 45
44 36 100
36 45 90
45 36 90
36 46 58
46 36 100
36 47 44
47 36 59
36 48 51
48 36 37
36 49 66
49 36 19
36 50 71
50 36 74
36 51 45
51 36 99
36 52 97
52 36 36
36 53 81
53 36 78
36 54 69
54 36 51
36 55 37
55 36 57
36 56 17
56 36 29
36 57 22
57 36 34
36 58 67
58 36 34
36 59 89
59 36 88
36 60 65
60 36 40
36 61 12
61 36 58
36 62 45
62 36 81
36 63 50
63 36 7
36 64 77
64 36 32
36 65 36
65 36 68
36 66 12
66 36 58
36 68 14
68 36 63
36 69 60
69 36 22
36 70 11
70 36 55
36 71 57
71 36 10
36 72 80
72 36 93
36 73 34
73 36 88
36 74 47
74 36 81
36 75 26
75 36 5
36 76 33
76 36 51
36 77 30
77 36 97
36 78 23
78 36 22
36 79 80
79 36 79
36 80 37
80 36 55
36 81 86
81 36 26
36 82 83
82 36 73
36 83 12
83 36 39
36 84 99
84 36 20
36 85 68
85 36 4
36 86 72
86 36 5
36 87 99
87 36 77
36 88 90
88 36 18
36 89 96
89 36 56
36 90 41
90 36 0
36 91 4
91 36 66
36 92 37
92 36 71
36 93 56
93 36 82
36 94 33
94 36 21
36 95 89
95 36 10
36 96 63
96 36 5
36 97 57
97 36 2
36 98 75
98 36 12
36 99 41
99 36 7
37 38 60
38 37 19
37 39 25
39 37 55
37 40 79
40 37 3
37 41 27
41 37 24
37 42 22
42 37 78
37 43 33
43 37 58
37 45 80
45 37 4
37 46 89
46 37 5
37 47 83
47 37 45
37 48 99
48 37 73
37 49 83
49 37 78
37 50 44
50 37 14
37 51 57
51 37 93
37 52 50
52 37 95
37 53 11
53 37 15
37 54 58
54 37 2
37 55 70
55 37 68
37 56 28
56 37 69
37 57 92
57 37 18
37 58 47
58 37 81
37 59 79
59 37 65
37 60 91
60 37 92
37 61 23
61 37 92
37 62 72
62 37 52
37 63 49
63 37 5
37 64 75
64 37 64
37 65 3
65 37 45
37 66 89
66 37 38
37 67 23
67 37 50
37 69 98
69 37 93
37 70 36
70 37 66
37 71 40
71 37 89
37 73 96
73 37 82
37 74 96
74 37 35
37 75 18
75 37 89
37 76 7
76 37 41
37 77 98
77 37 77
37 79 43
79 37 23
37 80 48
80 37 90
37 81 83
81 37 82
37 83 43
83 37 4
37 84 95
84 37 58
37 85 79
85 37 62
37 86 43
86 37 27
37 87 13
87 37 57
37 88 95
88 37 16
37 89 86
89 37 88
37 90 24
90 37 2
37 91 52
91 37 21
37 92 38
92 37 7
37 93 26
93 37 83
37 94 81
94 37 25
37 95 46
95 37 75
37 96 40
96 37 92
37 97 79
97 37 54
37 98 69
98 37 7
37 99 11
99 37 75
38 39 93
39 38 5
38 40 47
40 38 23
38 41 85
41 38 9
38 42 68
42 38 34
38 43 84
43 38 72
38 44 32
44 38 14
38 45 81
45 38 81
38 46 40
46 38 16
38 47 29
47 38 9
38 48 66
48 38 49
38 49 49
49 38 23
38 50 19
50 38 42
38 51 26
51 38 10
38 52 12
52 38 6
38 53 93
53 38 46
38 54 32
54 38 70
38 55 4
55 38 48
38 56 19
56 38 0
38 57 80
57 38 51
38 58 86
58 38 77
38 59 14
59 38 64
38 60 72
60 38 57
38 61 70
61 38 91
38 62 14
62 38 31
38 63 52
63 38 25
38 64 77
64 38 28
38 65 70
65 38 80
38 66 5
66 38 63
38 68 24
68 38 48
38 69 45
69 38 53
38 70 11
70 38 73
38 71 13
71 38 42
38 72 60
72 38 90
38 73 22
73 38 64
38 74 100
74 38 64
38 75 57
75 38 25
38 76 11
76 38 27
38 77 58
77 38 43
38 78 62
78 38 76
38 79 76
79 38 45
38 80 46
80 38 26
38 81 33
81 38 66
38 82 93
82 38 54
38 84 70
84 38 97
38 85 75
85 38 75
38 86 68
86 38 82
38 87 9
87 38 76
38 88 89
88 38 92
38 89 34
89 38 51
38 90 85
90 38 19
38 91 15
91 38 17
38 92 16
92 38 63
38 93 54
93 38 82
38 94 57
94 38 54
38 95 33
95 38 66
38 96 44
96 38 97
38 97 22
97 38 52
38 98 91
98 38 68
38 99 12
99 38 60
39 40 65
40 39 20
39 41 33
41 39 3
39 43 1
43 39 36
39 44 29
44 39 95
39 45 46
45 39 71
39 46 89
46 39 47
39 48 79
48 39 9
39 49 13
49 39 98
39 50 98
50 39 38
39 51 73
51 39 61
39 52 100
52 39 33
39 53 15
53 39 81
39 55 27
55 39 20
39 56 1
56 39 19
39 57 55
57 39 97
39 58 97
58 39 66
39 60 6
60 39 35
39 61 66
61 39 22
39 62 82
62 39 51
39 63 9
63 39 5
39 64 64
64 39 23
39 66 37
66 39 9
39 67 17
67 39 58
39 68 69
68 39 82
39 69 83
69 39 71
39 70 52
70 39 12
39 71 8
71 39 53
39 72 77
72 39 20
39 73 21
73 39 74
39 74 12
74 39 10
39 75 54
75 39 25
39 76 48
76 39 63
39 77 68
77 39 30
39 78 81
78 39 64
39 79 61
79 39 91
39 80 62
80 39 75
39 81 36
81 39 67
39 82 87
82 39 42
39 83 60
83 39 11
39 84 85
84 39 18
39 85 17
85 39 52
39 86 88
86 39 48
39 87 55
87 39 99
39 88 10
88 39 73
39 89 78
89 39 7
39 90 88
90 39 40
39 91 30
91 39 89
39 92 60
92 39 6
39 94 58
94 39 61
39 96 80
96 39 19
39 97 42
97 39 27
39 98 17
98 39 66
39 99 24
99 39 74
40 41 94
41 40 66
40 42 23
42 40 64
40 44 75
44 40 38
40 45 4
45 40 67
40 46 34
46 40 94
40 47 70
47 40 19
40 48 1
48 40 90
40 49 71
49 40 45
40 50 8
50 40 66
40 51 9
51 40 99
40 52 52
52 40 70
40 53 17
53 40 2
40 54 32
54 40 62
40 55 67
55 40 26
40 56 33
56 40 75
40 57 81
57 40 52
40 58 16
58 40 57
40 59 27
59 40 39
40 60 31
60 40 95
40 61 92
61 40 11
40 62 90
62 40 43
40 63 32
63 40 70
40 64 41
64 40 44
40 65 100
65 40 47
40 66 44
66 40 79
40 67 91
67 40 21
40 68 91
68 40 82
40 69 0
69 40 39
40 70 12
70 40 28
40 71 35
71 40 49
40 72 40
72 40 70
40 73 29
73 40 56
40 74 50
74 40 50
40 75 17
75 40 89
40 76 25
76 40 46
40 77 35
77 40 42
40 78 100
78 40 53
40 79 62
79 40 78
40 80 54
80 40 28
40 81 69
81 40 95
40 82 52
82 40 25
40 83 37
83 40 59
40 84 68
84 40 92
40 85 3
85 40 92
40 86 47
86 40 99
40 87 41
87 40 39
40 88 35
88 40 34
40 89 16
89 40 29
40 90 90
90 40 72
40 91 58
91 40 51
40 92 60
92 40 16
40 93 27
93 40 66
40 94 79
94 40 53
40 95 45
95 40 3
40 96 24
96 40 3
40 97 14
97 40 61
40 98 15
98 40 88
40 99 52
99 40 63
41 42 15
42 41 43
41 43 74
43 41 80
41 44 87
44 41 67
41 45 25
45 41 5
41 46 45
46 41 80
41 47 46
47 41 35
41 48 15
48 41 63
41 49 96
49 41 70
41 50 69
50 41 9
41 51 13
51 41 71
41 52 45
52 41 31
41 53 91
53 41 93
41 55 62
55 41 15
41 56 5
56 41 33
41 57 79
57 41 98
41 58 83
58 41 4
41 59 38
59 41 46
41 60 95
60 41 76
41 61 74
61 41 5
41 63 76
63 41 76
41 64 16
64 41 36
41 65 99
65 41 78
41 66 90
66 41 10
41 67 1
67 41 99
41 68 41
68 41 56
41 69 59
69 41 32
41 70 40
70 41 65
41 71 92
71 41 15
41 72 16
72 41 76
41 74 92
74 41 29
41 75 14
75 41 92
41 76 85
76 41 42
41 77 37
77 41 12
41 78 60
78 41 1
41 79 58
79 41 72
41 80 90
80 41 16
41 81 5
81 41 58
41 82 89
82 41 61
41 83 17
83 41 82
41 84 54
84 41 14
41 85 86
85 41 38
41 86 91
86 41 15
41 87 89
87 41 42
41 88 66
88 41 37
41 89 76
89 41 45
41 90 60
90 41 80
41 91 55
91 41 7
41 92 36
92 41 11
41 93 62
93 41 6
41 94 35
94 41 79
41 95 99
95 41 93
41 96 62
96 41 1
41 97 75
97 41 87
41 98 44
98 41 81
42 43 79
43 42 48
42 44 44
44 42 84
42 45 18
45 42 37
42 46 6
46 42 24
42 47 53
47 42 67
42 48 46
48 42 52
42 49 69
49 42 66
42 50 55
50 42 98
42 53 43
53 42 56
42 55 79
55 42 69
42 56 85
56 42 16
42 57 93
57 42 91
42 58 33
58 42 56
42 60 20
60 42 55
42 62 37
62 42 23
42 63 37
63 42 86
42 64 76
64 42 76
42 65 2
65 42 61
42 66 39
66 42 95
42 67 8
67 42 55
42 68 39
68 42 90
42 70 59
70 42 10
42 72 95
72 42 48
42 73 5
73 42 96
42 74 13
74 42 14
42 75 33
75 42 32
42 76 25
76 42 99
42 77 44
77 42 5
42 78 9
78 42 13
42 79 92
79 42 87
42 80 75
80 42 3
42 81 79
81 42 54
42 82 26
82 42 40
42 83 35
83 42 30
42 84 3
84 42 60
42 85 68
85 42 93
42 86 32
86 42 27
42 87 1
87 42 39
42 89 61
89 42 74
42 90 36
90 42 2
42 91 43
91 42 28
42 92 6
92 42 65
42 93 45
93 42 25
42 94 26
94 42 91
42 95 53
95 42 23
42 96 43
96 42 47
42 97 14
97 42 49
42 98 99
98 42 51
42 99 78
99 42 48
43 44 21
44 43 45
43 45 85
45 43 76
43 46 83
46 43 68
43 47 66
47 43 17
43 48 97
48 43 13
43 49 47
49 43 19
43 50 62
50 43 26
43 51 69
51 43 85
43 52 89
52 43 55
43 53 62
53 43 37
43 54 66
54 43 91
43 55 95
55 43 27
43 56 71
56 43 16
43 57 80
57 43 54
43 58 21
58 43 79
43 59 28
59 43 96
43 60 45
60 43 35
43 61 5
61 43 16
43 63 49
63 43 75
43 64 45
64 43 89
43 65 99
65 43 12
43 66 61
66 43 41
43 67 72
67 43 69
43 68 61
68 43 56
43 70 40
70 43 71
43 72 84
72 43 86
43 73 92
73 43 67
43 74 84
74 43 49
43 75 23
75 43 38
43 76 85
76 43 61
43 77 18
77 43 88
43 78 81
78 43 44
43 79 12
79 43 22
43 80 61
80 43 31
43 81 43
81 43 36
43 82 64
82 43 1
43 83 25
83 43 43
43 84 64
84 43 38
43 85 57
85 43 61
43 86 35
86 43 78
43 87 12
87 43 25
43 89 39
89 43 79
43 90 24
90 43 79
43 91 24
91 43 46
43 92 63
92 43 45
43 93 60
93 43 74
43 94 81
94 43 75
43 95 40
95 43 34
43 96 15
96 43 64
43 97 57
97 43 62
43 98 48
98 43 8
43 99 71
99 43 37
44 45 98
45 44 54
44 46 99
46 44 47
44 47 0
47 44 60
44 48 63
48 44 75
44 49 63
49 44 61
44 50 24
50 44 58
44 52 8
52 44 70
44 53 74
53 44 81
44 54 84
54 44 62
44 55 45
55 44 42
44 56 75
56 44 37
44 57 67
57 44 78
44 58 67
58 44 60
44 60 15
60 44 18
44 61 69
61 44 93
44 63 58
63 44 87
44 64 90
64 44 71
44 65 0
65 44 41
44 66 15
66 44 44
44 67 74
67 44 5
44 68 40
68 44 65
44 70 58
70 44 5
44 71 69
71 44 35
44 72 49
72 44 64
44 74 92
74 44 94
44 76 6
76 44 5
44 77 75
77 44 40
44 78 62
78 44 68
44 79 29
79 44 8
44 80 68
80 44 7
44 81 52
81 44 10
44 82 67
82 44 23
44 83 50
83 44 83
44 84 50
84 44 61
44 86 63
86 44 62
44 87 68
87 44 45
44 88 38
88 44 58
44 89 45
89 44 1
44 90 9
90 44 7
44 91 29
91 44 66
44 92 18
92 44 13
44 93 49
93 44 24
44 94 8
94 44 38
44 95 89
95 44 59
44 96 47
96 44 49
44 98 30
98 44 3
45 46 49
46 45 89
45 47 70
47 45 57
45 48 76
48 45 73
45 49 59
49 45 93
45 50 55
50 45 12
45 52 32
52 45 1
45 53 78
53 45 59
45 54 31
54 45 96
45 55 73
55 45 27
45 56 57
56 45 71
45 57 63
57 45 94
45 58 81
58 45 50
45 60 6
60 45 73
45 61 20
61 45 23
45 63 30
63 45 82
45 64 24
64 45 50
45 65 16
65 45 22
45 66 69
66 45 12
45 67 56
67 45 69
45 68 65
68 45 12
45 70 13
70 45 58
45 71 41
71 45 35
45 72 59
72 45 42
45 74 55
74 45 10
45 76 20
76 45 78
45 77 67
77 45 7
45 78 56
78 45 96
45 79 47
79 45 46
45 80 56
80 45 54
45 81 18
81 45 28
45 82 68
82 45 7
45 83 36
83 45 67
45 84 83
84 45 29
45 86 92
86 45 53
45 87 82
87 45 22
45 89 3
89 45 52
45 90 36
90 45 37
45 91 41
91 45 49
45 92 53
92 45 63
45 93 26
93 45 45
45 94 20
94 45 16
45 95 34
95 45 14
45 96 53
96 45 97
45 98 38
98 45 69
46 48 13
48 46 23
46 49 50
49 46 34
46 50 39
50 46 34
46 51 6
51 46 4
46 52 44
52 46 34
46 53 57
53 46 81
46 54 8
54 46 34
46 56 25
56 46 14
46 57 58
57 46 47
46 59 84
59 46 100
46 61 4
61 46 23
46 62 50
62 46 75
46 63 66
63 46 32
46 64 57
64 46 21
46 66 6
66 46 37
46 68 8
68 46 98
46 69 94
69 46 88
46 71 71
71 46 77
46 72 31
72 46 79
46 73 81
73 46 73
46 74 40
74 46 95
46 75 47
75 46 24
46 78 88
78 46 11
46 79 77
79 46 30
46 80 34
80 46 73
46 81 20
81 46 75
46 82 92
82 46 53
46 83 71
83 46 60
46 84 33
84 46 32
46 85 3
85 46 31
46 86 18
86 46 51
46 88 32
88 46 31
46 89 73
89 46 8
46 90 66
90 46 25
46 91 78
91 46 10
46 94 5
94 46 25
46 95 57
95 46 51
46 96 16
96 46 4
46 97 42
97 46 61
46 98 75
98 46 9
46 99 28
99 46 2
47 48 40
48 47 44
47 49 62
49 47 72
47 50 10
50 47 100
47 52 34
52 47 87
47 53 17
53 47 61
47 55 95
55 47 98
47 56 18
56 47 18
47 57 66
57 47 28
47 58 22
58 47 66
47 60 78
60 47 59
47 62 92
62 47 85
47 63 31
63 47 68
47 64 53
64 47 72
47 65 52
65 47 59
47 66 53
66 47 33
47 67 15
67 47 67
47 68 4
68 47 72
47 69 49
69 47 28
47 70 25
70 47 61
47 71 75
71 47 12
47 72 15
72 47 79
47 73 45
73 47 72
47 74 25
74 47 12
47 75 52
75 47 30
47 76 45
76 47 74
47 77 70
77 47 18
47 78 74
78 47 38
47 79 34
79 47 66
47 80 37
80 47 47
47 81 92
81 47 80
47 82 64
82 47 41
47 83 24
83 47 49
47 84 56
84 47 3
47 85 61
85 47 90
47 86 48
86 47 88
47 87 12
87 47 69
47 88 80
88 47 16
47 89 14
89 47 11
47 90 97
90 47 32
47 91 10
91 47 98
47 92 70
92 47 1
47 93 38
93 47 15
47 94 12
94 47 60
47 95 1
95 47 69
47 96 95
96 47 28
47 97 99
97 47 11
47 98 41
98 47 56
47 99 56
99 47 33
48 49 58
49 48 55
48 50 60
50 48 95
48 51 10
51 48 41
48 52 58
52 48 26
48 53 39
53 48 42
48 54 86
54 48 7
48 55 91
55 48 62
48 56 27
56 48 25
48 57 22
57 48 12
48 58 51
58 48 29
48 59 81
59 48 86
48 60 98
60 48 15
48 61 18
61 48 41
48 62 81
62 48 14
48 63 19
63 48 29
48 64 83
64 48 12
48 65 1
65 48 1
48 66 55
66 48 9
48 67 22
67 48 62
48 68 50
68 48 13
48 69 42
69 48 29
48 70 10
70 48 91
48 71 60
71 48 39
48 72 10
72 48 56
48 73 78
73 48 10
48 74 53
74 48 84
48 75 79
75 48 88
48 76 47
76 48 83
48 77 66
77 48 18
48 78 67
78 48 76
48 79 52
79 48 77
48 80 83
80 48 73
48 81 10
81 48 28
48 82 22
82 48 75
48 83 31
83 48 76
48 84 75
84 48 22
48 85 56
85 48 85
48 86 77
86 48 96
48 87 46
87 48 57
48 88 29
88 48 63
48 89 15
89 48 34
48 90 43
90 48 18
48 91 33
91 48 89
48 92 50
92 48 74
48 93 55
93 48 62
48 94 7
94 48 45
48 95 91
95 48 86
48 96 74
96 48 8
48 97 56
97 48 67
48 98 7
98 48 42
48 99 99
99 48 19
49 50 92
50 49 99
49 51 48
51 49 41
49 52 53
52 49 40
49 53 14
53 49 25
49 54 78
54 49 80
49 55 27
55 49 51
49 56 56
56 49 40
49 57 50
57 49 15
49 58 47
58 49 59
49 59 36
59 49 36
49 60 88
60 49 72
49 61 53
61 49 28
49 62 90
62 49 86
49 63 28
63 49 62
49 64 71
64 49 41
49 65 87
65 49 3
49 66 75
66 49 4
49 67 19
67 49 70
49 68 58
68 49 54
49 69 61
69 49 87
49 70 30
70 49 50
49 71 76
71 49 1
49 72 60
72 49 22
49 73 81
73 49 62
49 74 85
74 49 69
49 75 35
75 49 41
49 76 77
76 49 32
49 77 32
77 49 4
49 78 48
78 49 0
49 79 64
79 49 92
49 80 58
80 49 77
49 81 93
81 49 6
49 82 98
82 49 35
49 83 55
83 49 35
49 84 58
84 49 74
49 85 10
85 49 38
49 86 73
86 49 53
49 87 77
87 49 89
49 88 100
88 49 95
49 89 97
89 49 9
49 90 43
90 49 9
49 91 22
91 49 58
49 92 7
92 49 93
49 93 2
93 49 56
49 94 46
94 49 8
49 95 35
95 49 14
49 96 42
96 49 73
49 97 23
97 49 95
49 98 1
98 49 93
49 99 93
99 49 100
50 51 18
51 50 56
50 52 21
52 50 68
50 53 97
53 50 29
50 54 78
54 50 31
50 55 49
55 50 39
50 56 46
56 50 82
50 57 67
57 50 96
50 58 52
58 50 71
50 59 36
59 50 87
50 60 83
60 50 16
50 61 69
61 50 28
50 62 46
62 50 60
50 63 29
63 50 35
50 64 12
64 50 78
50 65 49
65 50 32
50 66 47
66 50 64
50 67 76
67 50 5
50 68 21
68 50 69
50 69 76
69 50 92
50 70 88
70 50 22
50 71 99
71 50 54
50 72 72
72 50 43
50 73 78
73 50 12
50 74 45
74 50 56
50 75 29
75 50 32
50 76 2
76 50 7
50 77 67
77 50 90
50 78 34
78 50 18
50 79 44
79 50 34
50 80 95
80 50 73
50 81 76
81 50 55
50 82 7
82 50 96
50 83 15
83 50 17
50 84 41
84 50 83
50 85 80
85 50 31
50 86 65
86 50 55
50 87 22
87 50 50
50 88 10
88 50 42
50 89 90
89 50 38
50 91 12
91 50 12
50 93 48
93 50 61
50 94 31
94 50 75
50 95 59
95 50 79
50 96 31
96 50 37
50 97 29
97 50 51
50 98 28
98 50 7
50 99 56
99 50 32
51 53 26
53 51 85
51 54 47
54 51 36
51 55 60
55 51 43
51 56 82
56 51 85
51 57 5
57 51 97
51 58 75
58 51 53
51 59 48
59 51 3
51 60 33
60 51 6
51 61 92
61 51 7
51 62 31
62 51 49
51 63 33
63 51 49
51 64 44
64 51 81
51 66 60
66 51 90
51 67 35
67 51 62
51 68 8
68 51 67
51 69 81
69 51 79
51 70 100
70 51 38
51 71 86
71 51 43
51 72 19
72 51 31
51 73 57
73 51 51
51 74 2
74 51 17
51 75 48
75 51 93
51 76 82
76 51 32
51 77 67
77 51 36
51 79 10
79 51 97
51 80 54
80 51 11
51 81 9
81 51 93
51 83 98
83 51 48
51 84 50
84 51 31
51 85 29
85 51 59
51 86 44
86 51 94
51 88 48
88 51 9
51 89 42
89 51 53
51 90 46
90 51 20
51 91 42
91 51 53
51 92 61
92 51 8
51 94 3
94 51 98
51 96 2
96 51 58
51 97 48
97 51 42
51 98 58
98 51 71
51 99 16
99 51 76
52 53 59
53 52 1
52 54 58
54 52 18
52 55 21
55 52 78
52 56 30
56 52 25
52 57 7
57 52 29
52 58 10
58 52 32
52 60 1
60 52 66
52 61 82
61 52 63
52 62 57
62 52 0
52 63 99
63 52 12
52 64 79
64 52 13
52 65 29
65 52 81
52 66 100
66 52 69
52 67 24
67 52 79
52 68 36
68 52 53
52 69 41
69 52 11
52 70 2
70 52 62
52 71 21
71 52 83
52 72 89
72 52 93
52 73 17
73 52 51
52 74 35
74 52 40
52 75 85
75 52 32
52 76 19
76 52 59
52 77 16
77 52 33
52 78 3
78 52 84
52 79 51
79 52 47
52 80 90
80 52 12
52 81 52
81 52 85
52 82 28
82 52 23
52 83 15
83 52 44
52 84 93
84 52 32
52 85 42
85 52 17
52 86 36
86 52 13
52 87 61
87 52 25
52 89 32
89 52 38
52 90 97
90 52 5
52 91 83
91 52 32
52 92 76
92 52 92
52 93 27
93 52 53
52 94 19
94 52 69
52 95 33
95 52 83
52 96 69
96 52 64
52 97 29
97 52 27
52 98 98
98 52 39
52 99 78
99 52 35
53 55 31
55 53 47
53 56 98
56 53 66
53 57 53
57 53 20
53 58 73
58 53 72
53 59 96
59 53 28
53 60 6
60 53 77
53 61 47
61 53 62
53 62 82
62 53 81
53 63 8
63 53 12
53 64 1
64 53 49
53 65 23
65 53 85
53 66 67
66 53 61
53 67 54
67 53 82
53 68 91
68 53 32
53 69 72
69 53 29
53 70 50
70 53 90
53 71 95
71 53 35
53 72 31
72 53 38
53 73 58
73 53 54
53 74 9
74 53 99
53 75 73
75 53 7
53 76 89
76 53 24
53 77 62
77 53 95
53 78 26
78 53 30
53 79 39
79 53 45
53 80 13
80 53 89
53 81 51
81 53 78
53 82 96
82 53 26
53 83 0
83 53 70
53 84 44
84 53 75
53 85 15
85 53 82
53 86 68
86 53 52
53 87 15
87 53 8
53 88 8
88 53 16
53 89 50
89 53 100
53 90 98
90 53 62
53 91 50
91 53 35
53 92 92
92 53 24
53 93 99
93 53 26
53 94 41
94 53 5
53 95 59
95 53 45
53 96 20
96 53 44
53 97 36
97 53 9
53 98 31
98 53 91
53 99 11
99 53 99
54 56 21
56 54 66
54 57 45
57 54 81
54 58 15
58 54 63
54 59 7
59 54 10
54 61 90
61 54 39
54 62 27
62 54 55
54 63 63
63 54 87
54 64 87
64 54 54
54 66 56
66 54 51
54 68 21
68 54 95
54 69 10
69 54 89
54 70 26
70 54 56
54 71 21
71 54 72
54 72 97
72 54 29
54 73 68
73 54 83
54 74 92
74 54 92
54 75 54
75 54 13
54 78 92
78 54 49
54 79 17
79 54 79
54 80 18
80 54 30
54 81 38
81 54 58
54 82 96
82 54 64
54 83 35
83 54 82
54 84 60
84 54 66
54 85 27
85 54 13
54 86 18
86 54 89
54 88 43
88 54 66
54 89 3
89 54 14
54 90 47
90 54 51
54 91 47
91 54 54
54 97 38
97 54 84
54 98 87
98 54 31
54 99 78
99 54 11
55 56 61
56 55 26
55 58 51
58 55 37
55 59 2
59 55 72
55 60 87
60 55 79
55 62 43
62 55 64
55 63 86
63 55 58
55 64 44
64 55 58
55 65 14
65 55 88
55 66 43
66 55 3
55 67 21
67 55 52
55 68 34
68 55 91
55 69 51
69 55 2
55 70 14
70 55 74
55 71 36
71 55 8
55 72 66
72 55 18
55 73 86
73 55 20
55 74 5
74 55 81
55 75 37
75 55 16
55 76 12
76 55 41
55 77 15
77 55 35
55 78 50
78 55 77
55 79 84
79 55 23
55 80 30
80 55 66
55 81 16
81 55 71
55 82 30
82 55 17
55 83 83
83 55 14
55 84 57
84 55 29
55 85 29
85 55 64
55 86 76
86 55 69
55 87 45
87 55 5
55 88 55
88 55 10
55 89 48
89 55 10
55 90 2
90 55 91
55 91 63
91 55 66
55 92 70
92 55 5
55 93 33
93 55 78
55 94 25
94 55 85
55 95 19
95 55 87
55 96 38
96 55 83
55 97 81
97 55 97
55 98 50
98 55 92
55 99 93
99 55 66
56 57 78
57 56 0
56 58 80
58 56 32
56 59 22
59 56 53
56 60 95
60 56 90
56 61 17
61 56 57
56 62 34
62 56 23
56 63 83
63 56 81
56 64 98
64 56 72
56 65 47
65 56 50
56 66 0
66 56 76
56 67 29
67 56 46
56 69 75
69 56 76
56 70 44
70 56 42
56 71 23
71 56 72
56 73 72
73 56 8
56 74 23
74 56 61
56 75 35
75 56 72
56 76 6
76 56 62
56 77 56
77 56 71
56 78 52
78 56 77
56 79 72
79 56 94
56 80 47
80 56 29
56 81 81
81 56 93
56 83 83
83 56 82
56 84 41
84 56 88
56 85 12
85 56 59
56 86 12
86 56 71
56 87 19
87 56 45
56 88 71
88 56 99
56 89 1
89 56 63
56 90 50
90 56 80
56 91 64
91 56 92
56 92 21
92 56 4
56 93 78
93 56 92
56 94 14
94 56 83
56 95 31
95 56 32
56 96 2
96 56 96
56 97 74
97 56 1
56 98 84
98 56 95
56 99 52
99 56 20
57 58 76
58 57 39
57 59 64
59 57 15
57 61 38
61 57 0
57 62 94
62 57 73
57 63 76
63 57 4
57 64 15
64 57 59
57 65 63
65 57 35
57 66 87
66 57 49
57 68 10
68 57 36
57 69 66
69 57 2
57 71 55
71 57 95
57 72 59
72 57 79
57 73 43
73 57 69
57 74 89
74 57 27
57 75 11
75 57 6
57 77 23
77 57 6
57 78 78
78 57 10
57 79 68
79 57 7
57 80 20
80 57 64
57 81 99
81 57 4
57 82 52
82 57 20
57 83 51
83 57 27
57 84 66
84 57 52
57 85 4
85 57 68
57 86 56
86 57 63
57 87 21
87 57 94
57 88 26
88 57 37
57 89 2
89 57 94
57 90 67
90 57 49
57 91 4
91 57 46
57 95 56
95 57 96
57 96 59
96 57 97
57 97 66
97 57 40
57 98 75
98 57 87
57 99 7
99 57 95
58 59 55
59 58 60
58 60 37
60 58 57
58 62 72
62 58 35
58 64 33
64 58 94
58 65 48
65 58 28
58 66 55
66 58 62
58 67 10
67 58 90
58 68 45
68 58 54
58 69 92
69 58 93
58 70 85
70 58 15
58 71 62
71 58 62
58 72 52
72 58 58
58 73 85
73 58 1
58 74 96
74 58 71
58 75 16
75 58 93
58 76 98
76 58 98
58 77 72
77 58 19
58 78 98
78 58 1
58 79 51
79 58 41
58 80 72
80 58 4
58 81 13
81 58 61
58 82 87
82 58 30
58 83 9
83 58 6
58 84 62
84 58 9
58 85 79
85 58 49
58 86 3
86 58 69
58 87 41
87 58 92
58 88 47
88 58 18
58 89 7
89 58 2
58 90 0
90 58 89
58 91 89
91 58 8
58 92 20
92 58 59
58 93 72
93 58 5
58 94 42
94 58 16
58 95 83
95 58 20
58 96 87
96 58 30
58 97 27
97 58 91
58 98 85
98 58 68
58 99 15
99 58 75
59 60 79
60 59 97
59 61 71
61 59 48
59 62 82
62 59 92
59 63 90
63 59 11
59 64 99
64 59 1
59 66 25
66 59 4
59 67 34
67 59 48
59 68 54
68 59 55
59 69 99
69 59 69
59 70 20
70 59 94
59 71 60
71 59 93
59 72 18
72 59 39
59 73 46
73 59 7
59 74 50
74 59 40
59 75 57
75 59 15
59 79 55
79 59 33
59 80 0
80 59 98
59 81 71
81 59 72
59 83 96
83 59 41
59 84 65
84 59 74
59 85 98
85 59 38
59 86 40
86 59 50
59 87 56
87 59 75
59 88 49
88 59 44
59 89 67
89 59 21
59 90 7
90 59 60
59 91 79
91 59 98
59 92 74
92 59 11
59 94 70
94 59 97
59 96 93
96 59 13
59 97 65
97 59 0
59 98 34
98 59 50
59 99 38
99 59 29
60 62 69
62 60 44
60 64 62
64 60 99
60 65 11
65 60 52
60 66 93
66 60 4
60 67 53
67 60 9
60 68 36
68 60 39
60 69 96
69 60 21
60 70 80
70 60 47
60 71 17
71 60 8
60 72 80
72 60 44
60 74 93
74 60 94
60 75 33
75 60 38
60 76 0
76 60 32
60 77 53
77 60 21
60 78 74
78 60 22
60 80 0
80 60 56
60 82 34
82 60 51
60 83 1
83 60 48
60 84 53
84 60 41
60 85 47
85 60 84
60 86 13
86 60 79
60 87 10
87 60 80
60 88 93
88 60 43
60 89 19
89 60 0
60 90 74
90 60 12
60 91 13
91 60 12
60 92 75
92 60 26
60 93 55
93 60 91
60 94 42
94 60 58
60 95 22
95 60 11
60 96 15
96 60 33
60 97 42
97 60 32
60 98 71
98 60 60
60 99 98
99 60 47
61 62 17
62 61 45
61 63 87
63 61 51
61 64 81
64 61 36
61 66 61
66 61 94
61 68 9
68 61 39
61 69 38
69 61 85
61 70 19
70 61 13
61 71 87
71 61 2
61 72 40
72 61 2
61 73 79
73 61 79
61 74 79
74 61 44
61 75 43
75 61 19
61 78 43
78 61 48
61 79 44
79 61 60
61 80 61
80 61 31
61 81 100
81 61 17
61 82 23
82 61 58
61 83 38
83 61 18
61 85 62
85 61 63
61 86 20
86 61 23
61 88 48
88 61 81
61 89 73
89 61 80
61 90 52
90 61 91
61 91 18
91 61 85
61 95 6
95 61 46
61 96 61
96 61 95
61 97 87
97 61 37
61 98 26
98 61 61
61 99 62
99 61 14
62 63 48
63 62 35
62 64 57
64 62 47
62 65 53
65 62 4
62 66 79
66 62 51
62 67 98
67 62 49
62 69 80
69 62 46
62 70 76
70 62 98
62 71 10
71 62 90
62 72 22
72 62 20
62 73 85
73 62 46
62 74 56
74 62 88
62 75 1
75 62 68
62 76 18
76 62 88
62 77 3
77 62 45
62 79 88
79 62 64
62 80 43
80 62 0
62 81 39
81 62 36
62 83 46
83 62 63
62 84 11
84 62 45
62 85 94
85 62 51
62 86 0
86 62 38
62 87 36
87 62 41
62 88 99
88 62 11
62 89 17
89 62 39
62 90 97
90 62 11
62 91 15
91 62 32
62 92 25
92 62 36
62 94 42
94 62 22
62 96 34
96 62 11
62 97 17
97 62 55
62 98 90
98 62 2
62 99 41
99 62 62
63 64 17
64 63 5
63 66 15
66 63 40
63 67 11
67 63 84
63 68 9
68 63 28
63 69 10
69 63 84
63 71 91
71 63 0
63 72 97
72 63 39
63 73 48
73 63 82
63 74 46
74 63 54
63 75 70
75 63 78
63 76 75
76 63 79
63 78 11
78 63 54
63 79 23
79 63 90
63 80 36
80 63 83
63 81 49
81 63 63
63 82 2
82 63 37
63 84 57
84 63 98
63 85 37
85 63 46
63 86 11
86 63 16
63 87 66
87 63 33
63 88 4
88 63 32
63 89 12
89 63 60
63 90 93
90 63 15
63 91 18
91 63 77
63 94 52
94 63 67
63 95 59
95 63 21
63 96 33
96 63 40
63 97 30
97 63 25
63 98 8
98 63 62
63 99 52
99 63 81
64 65 43
65 64 21
64 66 18
66 64 55
64 67 84
67 64 33
64 68 20
68 64 82
64 69 2
69 64 13
64 70 28
70 64 21
64 71 57
71 64 89
64 73 14
73 64 70
64 74 3
74 64 75
64 75 57
75 64 7
64 76 22
76 64 66
64 78 74
78 64 1
64 79 11
79 64 29
64 80 95
80 64 8
64 81 44
81 64 59
64 82 59
82 64 75
64 83 73
83 64 18
64 84 68
84 64 21
64 85 1
85 64 67
64 86 72
86 64 24
64 87 41
87 64 46
64 88 98
88 64 32
64 89 17
89 64 44
64 90 56
90 64 61
64 91 4
91 64 32
64 92 41
92 64 65
64 93 22
93 64 50
64 94 68
94 64 5
64 95 17
95 64 40
64 96 17
96 64 97
64 97 71
97 64 33
64 98 27
98 64 88
64 99 8
99 64 13
65 66 45
66 65 83
65 67 20
67 65 91
65 68 44
68 65 7
65 69 25
69 65 93
65 70 30
70 65 86
65 71 98
71 65 21
65 72 91
72 65 37
65 73 72
73 65 39
65 74 8
74 65 36
65 75 7
75 65 3
65 76 74
76 65 44
65 77 7
77 65 28
65 78 96
78 65 21
65 79 27
79 65 38
65 80 38
80 65 51
65 81 86
81 65 17
65 82 56
82 65 92
65 83 61
83 65 94
65 84 91
84 65 23
65 85 16
85 65 81
65 86 21
86 65 20
65 87 39
87 65 42
65 88 87
88 65 25
65 89 89
89 65 4
65 90 18
90 65 99
65 91 59
91 65 21
65 92 96
92 65 33
65 93 8
93 65 18
65 94 93
94 65 2
65 95 99
95 65 59
65 96 49
96 65 62
65 97 3
97 65 51
65 98 46
98 65 96
65 99 49
99 65 4
66 67 54
67 66 82
66 68 24
68 66 78
66 69 9
69 66 11
66 70 50
70 66 84
66 71 79
71 66 92
66 73 5
73 66 55
66 74 61
74 66 62
66 75 60
75 66 34
66 76 99
76 66 48
66 77 87
77 66 31
66 78 21
78 66 77
66 79 88
79 66 91
66 80 83
80 66 59
66 81 89
81 66 26
66 82 23
82 66 98
66 83 17
83 66 47
66 84 63
84 66 48
66 85 72
85 66 68
66 86 6
86 66 8
66 87 87
87 66 21
66 88 36
88 66 38
66 89 4
89 66 38
66 90 47
90 66 97
66 91 68
91 66 59
66 92 95
92 66 96
66 93 51
93 66 4
66 94 7
94 66 19
66 95 95
95 66 22
66 96 36
96 66 33
66 97 28
97 66 17
66 98 40
98 66 50
66 99 12
99 66 68
67 68 17
68 67 75
67 69 2
69 67 70
67 70 27
70 67 85
67 71 59
71 67 12
67 72 55
72 67 16
67 73 33
73 67 84
67 74 40
74 67 32
67 75 45
75 67 94
67 76 33
76 67 20
67 77 27
77 67 25
67 78 91
78 67 77
67 79 18
79 67 28
67 80 95
80 67 90
67 81 66
81 67 85
67 82 26
82 67 60
67 83 48
83 67 87
67 84 51
84 67 99
67 85 39
85 67 3
67 86 53
86 67 40
67 87 18
87 67 46
67 88 32
88 67 98
67 89 78
89 67 55
67 90 92
90 67 36
67 91 73
91 67 98
67 92 56
92 67 99
67 93 17
93 67 13
67 94 23
94 67 94
67 95 26
95 67 94
67 96 99
96 67 86
67 97 7
97 67 82
67 98 88
98 67 25
67 99 37
99 67 55
68 70 91
70 68 58
68 71 99
71 68 86
68 72 87
72 68 82
68 73 69
73 68 86
68 74 5
74 68 74
68 75 8
75 68 11
68 76 17
76 68 59
68 77 2
77 68 4
68 78 83
78 68 15
68 79 39
79 68 5
68 80 48
80 68 26
68 81 48
81 68 23
68 82 95
82 68 85
68 83 50
83 68 50
68 84 1
84 68 73
68 85 30
85 68 79
68 86 25
86 68 15
68 87 29
87 68 36
68 89 12
89 68 87
68 90 30
90 68 38
68 91 58
91 68 95
68 92 98
92 68 1
68 93 15
93 68 53
68 94 44
94 68 40
68 95 30
95 68 0
68 96 49
96 68 11
68 97 4
97 68 59
68 98 58
98 68 34
68 99 10
99 68 80
69 70 77
70 69 34
69 71 82
71 69 40
69 72 95
72 69 86
69 73 45
73 69 92
69 74 73
74 69 53
69 75 90
75 69 27
69 76 89
76 69 98
69 77 25
77 69 47
69 78 36
78 69 49
69 79 45
79 69 58
69 80 46
80 69 49
69 81 67
81 69 86
69 82 57
82 69 29
69 83 82
83 69 10
69 84 1
84 69 83
69 85 58
85 69 95
69 86 83
86 69 47
69 87 32
87 69 21
69 88 49
88 69 36
69 89 40
89 69 44
69 90 53
90 69 36
69 91 74
91 69 51
69 92 52
92 69 52
69 94 50
94 69 89
69 96 95
96 69 83
69 97 36
97 69 39
69 98 23
98 69 74
69 99 43
99 69 52
70 71 70
71 70 10
70 72 54
72 70 26
70 73 10
73 70 87
70 74 64
74 70 57
70 75 34
75 70 22
70 76 39
76 70 37
70 77 47
77 70 58
70 78 1
78 70 79
70 79 85
79 70 73
70 80 79
80 70 97
70 82 36
82 70 69
70 83 95
83 70 39
70 84 15
84 70 72
70 85 80
85 70 81
70 86 99
86 70 72
70 87 18
87 70 61
70 88 9
88 70 5
70 89 2
89 70 57
70 90 47
90 70 89
70 91 14
91 70 14
70 93 64
93 70 29
70 94 29
94 70 94
70 95 73
95 70 21
70 96 93
96 70 69
70 97 52
97 70 62
70 98 99
98 70 99
71 73 84
73 71 83
71 74 26
74 71 73
71 75 88
75 71 13
71 76 41
76 71 72
71 77 97
77 71 13
71 78 26
78 71 53
71 79 63
79 71 41
71 80 78
80 71 41
71 81 12
81 71 44
71 82 9
82 71 60
71 83 50
83 71 64
71 84 63
84 71 16
71 85 88
85 71 42
71 86 90
86 71 40
71 87 96
87 71 19
71 89 49
89 71 94
71 90 75
90 71 49
71 91 9
91 71 30
71 92 54
92 71 23
71 93 25
93 71 94
71 94 14
94 71 91
71 95 97
95 71 24
71 96 76
96 71 63
71 97 36
97 71 58
71 98 20
98 71 14
71 99 70
99 71 12
72 73 94
73 72 51
72 74 47
74 72 15
72 75 95
75 72 99
72 76 94
76 72 68
72 77 37
77 72 27
72 78 60
78 72 11
72 79 85
79 72 46
72 80 31
80 72 19
72 81 89
81 72 54
72 82 48
82 72 13
72 83 25
83 72 98
72 84 36
84 72 68
72 85 1
85 72 93
72 86 41
86 72 2
72 87 51
87 72 63
72 89 63
89 72 68
72 90 92
90 72 18
72 91 23
91 72 17
72 92 15
92 72 33
72 93 36
93 72 28
72 94 5
94 72 69
72 95 70
95 72 83
72 96 22
96 72 78
72 97 79
97 72 55
72 98 2
98 72 17
72 99 10
99 72 7
73 74 50
74 73 91
73 75 16
75 73 64
73 77 61
77 73 40
73 79 96
79 73 46
73 80 19
80 73 60
73 81 34
81 73 8
73 82 71
82 73 99
73 83 59
83 73 79
73 84 51
84 73 74
73 85 69
85 73 92
73 86 3
86 73 10
73 87 96
87 73 1
73 88 34
88 73 80
73 89 14
89 73 2
73 90 98
90 73 74
73 91 89
91 73 61
73 92 88
92 73 59
73 93 66
93 73 38
73 96 21
96 73 63
73 99 84
99 73 40
74 75 46
75 74 78
74 76 49
76 74 66
74 77 34
77 74 60
74 79 50
79 74 75
74 80 34
80 74 52
74 81 49
81 74 80
74 83 4
83 74 42
74 84 72
84 74 7
74 85 46
85 74 67
74 86 15
86 74 37
74 87 58
87 74 46
74 88 93
88 74 38
74 89 21
89 74 98
74 90 4
90 74 94
74 91 97
91 74 73
74 93 72
93 74 38
74 94 75
94 74 29
74 95 74
95 74 43
74 96 17
96 74 30
74 97 37
97 74 16
74 98 60
98 74 61
74 99 41
99 74 84
75 76 64
76 75 89
75 77 90
77 75 69
75 78 51
78 75 67
75 79 42
79 75 19
75 80 7
80 75 50
75 81 52
81 75 72
75 82 92
82 75 83
75 83 7
83 75 98
75 84 13
84 75 84
75 85 45
85 75 36
75 86 67
86 75 47
75 87 28
87 75 30
75 88 75
88 75 11
75 89 91
89 75 24
75 90 45
90 75 46
75 91 90
91 75 10
75 92 1
92 75 38
75 93 79
93 75 34
75 94 26
94 75 82
75 95 78
95 75 62
75 96 78
96 75 55
75 97 17
97 75 17
75 98 51
98 75 96
75 99 100
99 75 66
76 77 97
77 76 74
76 78 77
78 76 68
76 79 34
79 76 89
76 80 5
80 76 82
76 81 28
81 76 13
76 82 88
82 76 80
76 83 37
83 76 57
76 84 7
84 76 84
76 85 30
85 76 10
76 86 69
86 76 54
76 87 59
87 76 1
76 88 57
88 76 92
76 89 93
89 76 46
76 90 69
90 76 88
76 91 52
91 76 48
76 92 17
92 76 43
76 93 36
93 76 7
76 94 24
94 76 32
76 95 8
95 76 45
76 96 51
96 76 5
76 97 96
97 76 99
76 98 59
98 76 98
76 99 66
99 76 46
77 78 89
78 77 85
77 79 71
79 77 81
77 80 30
80 77 51
77 81 53
81 77 58
77 82 63
82 77 79
77 83 36
83 77 89
77 85 28
85 77 51
77 86 18
86 77 99
77 87 96
87 77 62
77 88 15
88 77 71
77 89 77
89 77 25
77 90 63
90 77 97
77 91 30
91 77 55
77 92 54
92 77 15
77 93 39
93 77 57
77 94 73
94 77 27
77 95 98
95 77 51
77 96 53
96 77 83
77 97 60
97 77 88
77 98 49
98 77 58
77 99 89
99 77 13
78 79 63
79 78 1
78 80 47
80 78 53
78 81 73
81 78 72
78 82 4
82 78 88
78 83 15
83 78 49
78 84 77
84 78 23
78 86 22
86 78 70
78 87 18
87 78 76
78 88 88
88 78 97
78 89 65
89 78 63
78 90 30
90 78 75
78 91 41
91 78 30
78 92 76
92 78 87
78 93 63
93 78 37
78 94 58
94 78 12
78 95 41
95 78 52
78 96 58
96 78 84
78 97 99
97 78 50
78 98 16
98 78 49
78 99 27
99 78 19
79 80 88
80 79 75
79 81 13
81 79 23
79 82 5
82 79 64
79 83 85
83 79 27
79 84 5
84 79 4
79 85 89
85 79 93
79 86 69
86 79 93
79 87 12
87 79 63
79 88 82
88 79 82
79 89 20
89 79 10
79 90 65
90 79 26
79 91 39
91 79 87
79 92 63
92 79 12
79 93 64
93 79 55
79 94 100
94 79 0
79 95 66
95 79 68
79 96 73
96 79 36
79 97 28
97 79 71
79 98 22
98 79 29
79 99 1
99 79 3
80 81 20
81 80 70
80 82 46
82 80 57
80 83 12
83 80 40
80 84 21
84 80 92
80 85 55
85 80 40
80 86 90
86 80 12
80 87 27
87 80 43
80 88 87
88 80 35
80 89 91
89 80 8
80 90 34
90 80 45
80 91 78
91 80 44
80 92 7
92 80 39
80 93 91
93 80 13
80 94 9
94 80 33
80 95 72
95 80 73
80 96 35
96 80 25
80 97 18
97 80 75
80 98 89
98 80 72
80 99 30
99 80 29
81 82 64
82 81 75
81 83 81
83 81 97
81 84 59
84 81 69
81 85 51
85 81 54
81 86 83
86 81 15
81 87 62
87 81 17
81 88 53
88 81 46
81 89 3
89 81 32
81 90 75
90 81 95
81 91 56
91 81 57
81 93 68
93 81 75
81 94 59
94 81 8
81 95 69
95 81 76
81 96 65
96 81 51
81 97 55
97 81 94
81 98 63
98 81 84
81 99 63
99 81 64
82 83 47
83 82 51
82 84 90
84 82 54
82 85 92
85 82 78
82 86 100
86 82 99
82 87 21
87 82 23
82 88 96
88 82 36
82 89 35
89 82 16
82 90 63
90 82 84
82 91 90
91 82 6
82 92 82
92 82 56
82 93 28
93 82 59
82 94 52
94 82 33
82 95 58
95 82 85
82 96 69
96 82 40
82 97 12
97 82 55
82 98 98
98 82 3
82 99 77
99 82 62
83 84 47
84 83 16
83 85 98
85 83 24
83 86 26
86 83 41
83 87 65
87 83 94
83 88 58
88 83 3
83 89 41
89 83 97
83 90 87
90 83 39
83 91 28
91 83 41
83 92 38
92 83 57
83 93 9
93 83 90
83 94 42
94 83 51
83 95 30
95 83 26
83 96 17
96 83 44
83 97 92
97 83 84
83 98 72
98 83 90
83 99 12
99 83 96
84 85 58
85 84 43
84 86 2
86 84 61
84 87 81
87 84 57
84 88 78
88 84 9
84 89 63
89 84 7
84 90 98
90 84 2
84 91 13
91 84 76
84 93 59
93 84 26
84 94 28
94 84 57
84 95 43
95 84 49
84 96 27
96 84 16
84 97 68
97 84 83
84 98 50
98 84 47
84 99 71
99 84 17
85 86 43
86 85 18
85 87 4
87 85 13
85 88 87
88 85 21
85 89 83
89 85 7
85 90 21
90 85 41
85 91 24
91 85 42
85 92 49
92 85 64
85 93 39
93 85 82
85 94 49
94 85 48
85 96 69
96 85 57
85 97 20
97 85 66
85 98 82
98 85 51
85 99 14
99 85 31
86 87 96
87 86 89
86 88 93
88 86 50
86 89 9
89 86 4
86 90 23
90 86 19
86 91 86
91 86 42
86 92 95
92 86 21
86 93 44
93 86 56
86 94 72
94 86 28
86 95 54
95 86 90
86 96 16
96 86 61
86 97 57
97 86 24
86 98 96
98 86 35
86 99 68
99 86 99
87 88 74
88 87 39
87 89 4
89 87 99
87 90 23
90 87 3
87 91 45
91 87 84
87 92 38
92 87 43
87 93 32
93 87 45
87 94 63
94 87 57
87 95 72
95 87 10
87 96 84
96 87 12
87 97 91
97 87 99
87 98 53
98 87 70
87 99 31
99 87 73
88 89 96
89 88 84
88 90 83
90 88 28
88 91 28
91 88 79
88 92 60
92 88 61
88 94 64
94 88 73
88 96 57
96 88 97
88 97 13
97 88 61
88 98 42
98 88 57
88 99 75
99 88 76
89 90 83
90 89 19
89 91 26
91 89 38
89 92 36
92 89 30
89 93 16
93 89 72
89 94 85
94 89 34
89 95 78
95 89 74
89 96 44
96 89 20
89 97 17
97 89 71
89 98 67
98 89 63
89 99 12
99 89 51
90 91 83
91 90 53
90 92 70
92 90 95
90 93 15
93 90 20
90 94 83
94 90 52
90 95 3
95 90 51
90 96 66
96 90 10
90 97 27
97 90 64
90 98 37
98 90 85
90 99 97
99 90 57
91 92 89
92 91 58
91 93 35
93 91 33
91 94 8
94 91 37
91 95 49
95 91 27
91 96 43
96 91 7
91 97 59
97 91 8
91 98 30
98 91 97
91 99 81
99 91 59
92 93 18
93 92 88
92 94 5
94 92 5
92 95 98
95 92 99
92 96 87
96 92 25
92 97 80
97 92 13
92 98 83
98 92 56
93 94 47
94 93 40
93 95 65
95 93 78
93 96 55
96 93 47
93 97 12
97 93 24
93 98 65
98 93 44
94 95 71
95 94 54
94 96 94
96 94 95
94 97 11
97 94 11
94 98 29
98 94 25
94 99 68
99 94 98
95 96 25
96 95 68
95 98 27
98 95 77
96 97 71
97 96 69
96 98 42
98 96 52
96 99 69
99 96 31
97 98 10
98 97 58
97 99 5
99 97 43
98 99 13
99 98 44
