100
113
9674
97 99
96 97
96 98
95 96
94 95
93 94
92 93
91 92
90 91
89 92
88 89
88 90
87 88
86 87
85 86
84 85
83 85
82 83
82 84
81 82
80 82
79 80
79 81
78 79
77 79
76 77
76 78
75 76
74 75
73 75
72 73
72 74
71 72
70 71
69 70
68 69
67 69
66 67
66 68
65 66
64 65
63 64
62 63
61 62
60 62
59 60
58 59
58 61
57 58
56 57
55 56
54 55
53 54
52 53
51 52
50 51
49 50
48 49
47 48
46 47
45 46
44 45
43 44
42 43
41 42
40 41
39 40
38 39
37 38
36 37
35 36
34 35
33 34
32 33
31 32
30 31
29 30
28 30
27 30
26 27
26 28
26 29
25 26
24 25
23 24
22 23
21 22
20 21
19 20
18 19
17 18
16 17
15 16
14 15
13 14
12 15
11 12
11 13
10 11
9 10
8 9
7 12
7 13
6 7
6 8
5 6
4 6
3 5
2 4
2 5
1 2
1 3
0 1
0 2 15
2 0 73
0 3 46
3 0 58
0 4 11
4 0 51
0 5 7
5 0 33
0 6 33
6 0 9
0 7 86
7 0 36
0 8 32
8 0 28
0 9 59
9 0 7
0 10 17
10 0 44
0 11 99
11 0 24
0 12 46
12 0 52
0 13 75
13 0 2
0 14 35
14 0 62
0 15 63
15 0 32
0 16 80
16 0 92
0 17 21
17 0 61
0 18 96
18 0 100
0 19 28
19 0 33
0 20 30
20 0 48
0 21 15
21 0 42
0 22 90
22 0 18
0 23 1
23 0 3
0 24 46
24 0 14
0 25 50
25 0 64
0 26 35
26 0 70
0 27 60
27 0 40
0 28 10
28 0 4
0 29 58
29 0 66
0 30 65
30 0 81
0 31 32
31 0 7
0 32 46
32 0 34
0 33 69
33 0 37
0 34 59
34 0 4
0 35 93
35 0 42
0 36 52
36 0 66
0 37 60
37 0 74
0 38 76
38 0 12
0 39 27
39 0 14
0 40 36
40 0 24
0 41 86
41 0 38
0 42 92
42 0 71
0 43 26
43 0 1
0 44 95
44 0 33
0 45 27
45 0 43
0 46 51
46 0 63
0 47 22
47 0 3
0 48 36
48 0 71
0 49 7
49 0 98
0 50 54
50 0 67
0 51 89
51 0 36
0 52 83
52 0 20
0 53 74
53 0 74
0 54 42
54 0 60
0 55 19
55 0 67
0 56 86
56 0 36
0 57 66
57 0 99
0 58 84
58 0 53
0 59 41
59 0 19
0 60 90
60 0 96
0 61 53
61 0 78
0 62 66
62 0 85
0 63 14
63 0 71
0 64 54
64 0 52
0 65 59
65 0 67
0 66 48
66 0 83
0 67 79
67 0 20
0 68 96
68 0 58
0 69 80
69 0 18
0 70 65
70 0 77
0 71 77
71 0 31
0 72 0
72 0 59
0 73 41
73 0 40
0 74 29
74 0 25
0 75 11
75 0 42
0 76 39
76 0 82
0 77 56
77 0 10
0 78 95
78 0 11
0 79 46
79 0 82
0 80 11
80 0 60
0 81 88
81 0 79
0 82 55
82 0 38
0 83 38
83 0 14
0 84 71
84 0 26
0 85 86
85 0 7
0 86 61
86 0 70
0 87 20
87 0 59
0 88 53
88 0 63
0 89 33
89 0 49
0 90 71
90 0 42
0 91 55
91 0 53
0 92 5
92 0 48
0 93 17
93 0 44
0 94 42
94 0 96
0 95 92
95 0 0
0 96 8
96 0 60
0 97 61
97 0 33
0 98 46
98 0 57
0 99 89
99 0 92
1 4 22
4 1 95
1 5 100
5 1 67
1 6 31
6 1 48
1 7 82
7 1 23
1 8 90
8 1 12
1 9 96
9 1 68
1 10 66
10 1 31
1 11 86
11 1 70
1 12 5
12 1 34
1 13 85
13 1 24
1 14 65
14 1 69
1 15 29
15 1 19
1 16 8
16 1 24
1 17 21
17 1 40
1 18 54
18 1 29
1 19 93
19 1 46
1 20 9
20 1 19
1 21 54
21 1 94
1 22 77
22 1 64
1 23 18
23 1 43
1 24 42
24 1 34
1 25 68
25 1 42
1 26 17
26 1 72
1 27 17
27 1 95
1 28 37
28 1 59
1 29 37
29 1 61
1 30 34
30 1 44
1 31 7
31 1 71
1 32 38
32 1 47
1 33 74
33 1 56
1 34 59
34 1 28
1 35 66
35 1 24
1 36 0
36 1 98
1 37 27
37 1 35
1 38 72
38 1 50
1 39 70
39 1 48
1 40 44
40 1 2
1 41 24
41 1 26
1 42 74
42 1 88
1 43 4
43 1 10
1 44 99
44 1 86
1 45 95
45 1 11
1 46 54
46 1 21
1 47 1
47 1 55
1 48 6
48 1 30
1 49 92
49 1 97
1 50 25
50 1 43
1 51 42
51 1 25
1 52 62
52 1 63
1 53 72
53 1 34
1 54 52
54 1 91
1 55 14
55 1 45
1 56 64
56 1 89
1 57 94
57 1 50
1 58 28
58 1 89
1 59 20
59 1 5
1 60 68
60 1 86
1 61 8
61 1 30
1 62 80
62 1 50
1 63 62
63 1 61
1 64 95
64 1 41
1 65 30
65 1 65
1 66 88
66 1 74
1 67 72
67 1 95
1 68 92
68 1 2
1 69 78
69 1 54
1 70 33
70 1 83
1 71 50
71 1 87
1 72 26
72 1 64
1 73 16
73 1 59
1 74 41
74 1 33
1 75 3
75 1 2
1 76 78
76 1 3
1 77 16
77 1 99
1 78 44
78 1 40
1 79 39
79 1 47
1 80 82
80 1 57
1 81 4
81 1 3
1 82 90
82 1 84
1 83 36
83 1 64
1 84 75
84 1 42
1 85 27
85 1 20
1 86 12
86 1 73
1 87 3
87 1 80
1 88 5
88 1 54
1 89 14
89 1 15
1 90 26
90 1 3
1 91 81
91 1 56
1 92 73
92 1 3
1 93 74
93 1 46
1 94 66
94 1 57
1 95 40
95 1 40
1 96 43
96 1 64
1 97 22
97 1 13
1 98 89
98 1 2
1 99 84
99 1 18
2 3 53
3 2 69
2 6 60
6 2 26
2 7 95
7 2 51
2 8 92
8 2 92
2 9 40
9 2 28
2 10 28
10 2 74
2 11 62
11 2 74
2 12 35
12 2 4
2 13 42
13 2 60
2 14 6
14 2 38
2 15 9
15 2 50
2 16 80
16 2 8
2 17 72
17 2 54
2 18 81
18 2 6
2 19 78
19 2 79
2 20 72
20 2 83
2 21 67
21 2 30
2 22 5
22 2 25
2 23 86
23 2 58
2 24 71
24 2 96
2 25 86
25 2 28
2 26 0
26 2 28
2 27 76
27 2 94
2 28 8
28 2 86
2 29 20
29 2 1
2 30 38
30 2 55
2 31 58
31 2 98
2 32 71
32 2 21
2 33 97
33 2 67
2 34 83
34 2 84
2 35 54
35 2 4
2 36 5
36 2 28
2 37 87
37 2 35
2 38 7
38 2 10
2 39 25
39 2 10
2 40 9
40 2 11
2 41 39
41 2 79
2 42 57
42 2 41
2 43 48
43 2 3
2 44 9
44 2 64
2 45 95
45 2 28
2 46 10
46 2 99
2 47 66
47 2 38
2 48 4
48 2 50
2 49 99
49 2 61
2 50 75
50 2 64
2 51 12
51 2 28
2 52 59
52 2 70
2 53 90
53 2 73
2 54 36
54 2 1
2 55 33
55 2 81
2 56 36
56 2 99
2 57 63
57 2 16
2 58 15
58 2 13
2 59 12
59 2 22
2 60 40
60 2 46
2 61 73
61 2 71
2 62 1
62 2 18
2 63 98
63 2 85
2 64 75
64 2 2
2 65 47
65 2 28
2 66 36
66 2 94
2 67 90
67 2 51
2 68 69
68 2 48
2 69 61
69 2 92
2 70 85
70 2 9
2 71 49
71 2 3
2 72 26
72 2 96
2 73 11
73 2 54
2 74 64
74 2 70
2 75 54
75 2 33
2 76 94
76 2 30
2 77 13
77 2 33
2 78 87
78 2 88
2 79 46
79 2 39
2 80 25
80 2 76
2 81 16
81 2 79
2 82 35
82 2 81
2 83 94
83 2 78
2 84 7
84 2 34
2 85 87
85 2 82
2 86 24
86 2 81
2 87 98
87 2 48
2 88 32
88 2 82
2 89 76
89 2 68
2 90 68
90 2 84
2 91 59
91 2 26
2 92 5
92 2 56
2 93 82
93 2 8
2 94 0
94 2 46
2 95 64
95 2 76
2 96 36
96 2 16
2 97 72
97 2 7
2 98 98
98 2 81
2 99 15
99 2 48
3 4 37
4 3 36
3 6 47
6 3 32
3 7 60
7 3 40
3 8 82
8 3 26
3 9 5
9 3 98
3 10 28
10 3 23
3 11 30
11 3 4
3 12 39
12 3 42
3 13 35
13 3 41
3 14 70
14 3 21
3 15 6
15 3 74
3 16 19
16 3 93
3 17 59
17 3 99
3 18 27
18 3 14
3 19 12
19 3 1
3 20 7
20 3 91
3 21 77
21 3 42
3 22 78
22 3 34
3 23 21
23 3 69
3 24 28
24 3 88
3 25 61
25 3 27
3 26 72
26 3 39
3 27 36
27 3 68
3 28 25
28 3 55
3 29 2
29 3 65
3 30 11
30 3 14
3 31 82
31 3 20
3 32 46
32 3 92
3 33 85
33 3 78
3 34 22
34 3 16
3 35 97
35 3 28
3 36 39
36 3 48
3 37 78
37 3 39
3 38 88
38 3 67
3 39 45
39 3 67
3 40 69
40 3 4
3 41 44
41 3 88
3 42 42
42 3 15
3 43 84
43 3 28
3 44 22
44 3 39
3 45 34
45 3 49
3 46 36
46 3 13
3 47 51
47 3 93
3 48 49
48 3 68
3 49 3
49 3 66
3 50 69
50 3 24
3 51 67
51 3 53
3 52 12
52 3 77
3 53 82
53 3 34
3 54 99
54 3 69
3 55 48
55 3 87
3 56 26
56 3 30
3 57 72
57 3 37
3 58 69
58 3 45
3 59 24
59 3 45
3 60 24
60 3 16
3 61 86
61 3 100
3 62 58
62 3 93
3 63 85
63 3 17
3 64 38
64 3 59
3 65 99
65 3 95
3 66 10
66 3 43
3 67 46
67 3 3
3 68 29
68 3 88
3 69 36
69 3 84
3 70 7
70 3 54
3 71 54
71 3 90
3 72 69
72 3 83
3 73 77
73 3 16
3 74 98
74 3 29
3 75 20
75 3 63
3 76 93
76 3 24
3 77 24
77 3 63
3 78 61
78 3 33
3 79 75
79 3 22
3 80 33
80 3 24
3 81 14
81 3 56
3 82 89
82 3 64
3 83 44
83 3 77
3 84 27
84 3 75
3 85 21
85 3 29
3 86 75
86 3 93
3 87 33
87 3 30
3 88 52
88 3 19
3 89 74
89 3 37
3 90 31
90 3 39
3 91 24
91 3 1
3 92 56
92 3 35
3 93 57
93 3 77
3 94 10
94 3 52
3 95 14
95 3 82
3 96 38
96 3 41
3 97 49
97 3 66
3 98 1
98 3 48
3 99 100
99 3 76
4 5 30
5 4 86
4 7 6
7 4 88
4 8 29
8 4 0
4 9 48
9 4 59
4 10 7
10 4 63
4 11 99
11 4 85
4 12 84
12 4 80
4 13 40
13 4 100
4 14 40
14 4 28
4 15 38
15 4 17
4 16 85
16 4 23
4 17 37
17 4 19
4 18 6
18 4 19
4 19 37
19 4 65
4 20 25
20 4 41
4 21 93
21 4 35
4 22 12
22 4 30
4 23 36
23 4 6
4 24 95
24 4 30
4 25 49
25 4 22
4 26 56
26 4 12
4 27 67
27 4 27
4 28 80
28 4 97
4 29 76
29 4 48
4 30 50
30 4 85
4 31 56
31 4 81
4 32 91
32 4 19
4 33 37
33 4 85
4 34 51
34 4 64
4 35 50
35 4 64
4 36 86
36 4 86
4 37 38
37 4 97
4 38 61
38 4 47
4 39 57
39 4 96
4 40 67
40 4 80
4 41 96
41 4 41
4 42 30
42 4 24
4 43 88
43 4 79
4 44 66
44 4 39
4 45 77
45 4 91
4 46 15
46 4 19
4 47 44
47 4 38
4 48 4
48 4 77
4 49 30
49 4 82
4 50 47
50 4 71
4 51 76
51 4 59
4 52 52
52 4 63
4 53 52
53 4 81
4 54 83
54 4 2
4 55 41
55 4 13
4 56 20
56 4 89
4 57 63
57 4 76
4 58 4
58 4 4
4 59 57
59 4 42
4 60 75
60 4 29
4 61 69
61 4 91
4 62 75
62 4 15
4 63 5
63 4 70
4 64 84
64 4 76
4 65 98
65 4 11
4 66 26
66 4 75
4 67 85
67 4 42
4 68 63
68 4 67
4 69 90
69 4 40
4 70 1
70 4 86
4 71 43
71 4 20
4 72 73
72 4 34
4 73 75
73 4 50
4 74 84
74 4 65
4 75 84
75 4 87
4 76 55
76 4 72
4 77 5
77 4 16
4 78 89
78 4 17
4 79 23
79 4 93
4 80 30
80 4 9
4 81 16
81 4 17
4 82 19
82 4 80
4 83 45
83 4 91
4 84 69
84 4 81
4 85 60
85 4 10
4 86 77
86 4 75
4 87 40
87 4 49
4 88 48
88 4 89
4 89 53
89 4 90
4 90 6
90 4 41
4 91 76
91 4 34
4 92 81
92 4 24
4 93 43
93 4 47
4 94 57
94 4 11
4 95 58
95 4 39
4 96 15
96 4 4
4 97 43
97 4 72
4 98 44
98 4 74
4 99 55
99 4 30
5 7 80
7 5 41
5 8 65
8 5 40
5 9 35
9 5 50
5 10 24
10 5 33
5 11 72
11 5 84
5 12 43
12 5 65
5 13 10
13 5 17
5 14 99
14 5 60
5 15 61
15 5 55
5 16 6
16 5 12
5 17 11
17 5 5
5 18 51
18 5 44
5 19 59
19 5 58
5 20 12
20 5 80
5 21 75
21 5 22
5 22 51
22 5 20
5 23 92
23 5 87
5 24 16
24 5 40
5 25 56
25 5 4
5 26 46
26 5 37
5 27 90
27 5 60
5 28 22
28 5 93
5 29 37
29 5 75
5 30 83
30 5 31
5 31 80
31 5 23
5 32 55
32 5 3
5 33 18
33 5 19
5 34 1
34 5 81
5 35 90
35 5 8
5 36 72
36 5 32
5 37 53
37 5 3
5 38 83
38 5 43
5 39 2
39 5 85
5 40 20
40 5 71
5 41 48
41 5 16
5 42 73
42 5 13
5 43 14
43 5 31
5 44 88
44 5 63
5 45 65
45 5 45
5 46 26
46 5 66
5 47 56
47 5 86
5 48 84
48 5 96
5 49 48
49 5 75
5 50 92
50 5 26
5 51 74
51 5 44
5 52 2
52 5 66
5 53 70
53 5 14
5 54 95
54 5 4
5 55 58
55 5 93
5 56 67
56 5 11
5 57 46
57 5 6
5 58 57
58 5 82
5 59 8
59 5 10
5 60 94
60 5 70
5 61 89
61 5 92
5 62 73
62 5 59
5 63 26
63 5 51
5 64 19
64 5 64
5 65 26
65 5 34
5 66 78
66 5 33
5 67 49
67 5 26
5 68 98
68 5 89
5 69 27
69 5 58
5 70 70
70 5 10
5 71 74
71 5 8
5 72 86
72 5 54
5 73 84
73 5 9
5 74 85
74 5 83
5 75 2
75 5 46
5 76 62
76 5 67
5 77 53
77 5 87
5 78 85
78 5 48
5 79 97
79 5 16
5 80 34
80 5 16
5 81 5
81 5 87
5 82 12
82 5 7
5 83 66
83 5 74
5 84 76
84 5 9
5 85 33
85 5 93
5 86 36
86 5 7
5 87 39
87 5 84
5 88 74
88 5 63
5 89 62
89 5 3
5 90 50
90 5 87
5 91 98
91 5 3
5 92 47
92 5 7
5 93 60
93 5 96
5 94 70
94 5 83
5 95 47
95 5 34
5 96 99
96 5 11
5 97 87
97 5 30
5 98 20
98 5 75
5 99 92
99 5 48
6 9 97
9 6 66
6 10 29
10 6 72
6 11 66
11 6 48
6 12 37
12 6 75
6 13 41
13 6 77
6 14 6
14 6 76
6 15 49
15 6 23
6 16 10
16 6 67
6 17 95
17 6 12
6 18 48
18 6 69
6 19 21
19 6 2
6 20 98
20 6 76
6 21 55
21 6 77
6 22 32
22 6 98
6 23 61
23 6 61
6 24 93
24 6 57
6 25 100
25 6 60
6 26 85
26 6 73
6 27 14
27 6 2
6 28 66
28 6 9
6 29 79
29 6 23
6 30 96
30 6 80
6 31 8
31 6 66
6 32 11
32 6 35
6 33 11
33 6 58
6 34 6
34 6 9
6 35 41
35 6 35
6 36 31
36 6 42
6 37 92
37 6 39
6 38 69
38 6 93
6 39 34
39 6 100
6 40 52
40 6 0
6 41 55
41 6 49
6 42 58
42 6 30
6 43 9
43 6 7
6 44 35
44 6 86
6 45 97
45 6 37
6 46 17
46 6 51
6 47 14
47 6 48
6 48 42
48 6 77
6 49 78
49 6 15
6 50 80
50 6 8
6 51 53
51 6 1
6 52 53
52 6 35
6 53 92
53 6 45
6 54 26
54 6 21
6 55 47
55 6 73
6 56 13
56 6 49
6 57 71
57 6 44
6 58 14
58 6 12
6 59 42
59 6 56
6 60 11
60 6 65
6 61 18
61 6 41
6 62 89
62 6 62
6 63 21
63 6 96
6 64 86
64 6 13
6 65 17
65 6 63
6 66 96
66 6 14
6 67 6
67 6 75
6 68 78
68 6 85
6 69 12
69 6 63
6 70 56
70 6 3
6 71 91
71 6 28
6 72 27
72 6 57
6 73 0
73 6 77
6 74 67
74 6 12
6 75 87
75 6 17
6 76 17
76 6 70
6 77 78
77 6 28
6 78 2
78 6 100
6 79 13
79 6 63
6 80 34
80 6 18
6 81 63
81 6 26
6 82 14
82 6 5
6 83 94
83 6 40
6 84 90
84 6 85
6 85 81
85 6 62
6 86 60
86 6 30
6 87 66
87 6 37
6 88 15
88 6 48
6 89 12
89 6 8
6 90 67
90 6 84
6 91 41
91 6 29
6 92 83
92 6 61
6 93 46
93 6 13
6 94 64
94 6 52
6 95 20
95 6 9
6 96 12
96 6 30
6 97 2
97 6 83
6 98 70
98 6 94
6 99 28
99 6 20
7 8 9
8 7 51
7 9 5
9 7 72
7 10 5
10 7 67
7 11 57
11 7 33
7 14 87
14 7 46
7 15 69
15 7 1
7 16 98
16 7 55
7 17 32
17 7 47
7 18 59
18 7 81
7 19 11
19 7 39
7 20 12
20 7 3
7 21 20
21 7 75
7 22 47
22 7 96
7 23 85
23 7 50
7 24 58
24 7 34
7 25 50
25 7 13
7 26 87
26 7 48
7 27 79
27 7 42
7 28 60
28 7 81
7 29 47
29 7 43
7 30 80
30 7 35
7 31 23
31 7 69
7 32 88
32 7 100
7 33 54
33 7 96
7 34 1
34 7 21
7 35 76
35 7 71
7 36 16
36 7 30
7 37 8
37 7 89
7 38 18
38 7 5
7 39 53
39 7 28
7 40 59
40 7 37
7 41 8
41 7 99
7 42 32
42 7 56
7 43 84
43 7 82
7 44 27
44 7 30
7 45 26
45 7 36
7 46 46
46 7 97
7 47 57
47 7 68
7 48 44
48 7 92
7 49 9
49 7 29
7 50 72
50 7 94
7 51 80
51 7 93
7 52 100
52 7 93
7 53 80
53 7 21
7 54 73
54 7 24
7 55 6
55 7 9
7 56 17
56 7 84
7 57 75
57 7 34
7 58 29
58 7 62
7 59 62
59 7 66
7 60 71
60 7 89
7 61 36
61 7 24
7 62 97
62 7 63
7 63 71
63 7 22
7 64 27
64 7 29
7 65 14
65 7 41
7 66 17
66 7 96
7 67 80
67 7 69
7 68 43
68 7 13
7 69 85
69 7 50
7 70 84
70 7 72
7 71 6
71 7 56
7 72 14
72 7 99
7 73 63
73 7 86
7 74 83
74 7 62
7 75 66
75 7 84
7 76 77
76 7 21
7 77 44
77 7 32
7 78 21
78 7 56
7 79 81
79 7 20
7 80 14
80 7 11
7 81 13
81 7 32
7 82 66
82 7 70
7 83 45
83 7 33
7 84 67
84 7 62
7 85 74
85 7 51
7 86 54
86 7 26
7 87 51
87 7 44
7 88 53
88 7 99
7 89 70
89 7 4
7 90 11
90 7 66
7 91 1
91 7 30
7 92 26
92 7 33
7 93 54
93 7 32
7 94 76
94 7 23
7 95 59
95 7 89
7 96 46
96 7 34
7 97 65
97 7 11
7 98 86
98 7 16
7 99 35
99 7 38
8 10 57
10 8 58
8 11 88
11 8 1
8 12 93
12 8 44
8 13 16
13 8 18
8 14 81
14 8 93
8 15 93
15 8 30
8 16 27
16 8 15
8 17 88
17 8 89
8 18 62
18 8 48
8 19 32
19 8 79
8 20 29
20 8 97
8 21 99
21 8 52
8 22 87
22 8 2
8 23 18
23 8 19
8 24 35
24 8 17
8 25 93
25 8 87
8 26 2
26 8 60
8 27 36
27 8 29
8 28 4
28 8 12
8 29 47
29 8 25
8 30 24
30 8 77
8 31 62
31 8 17
8 32 13
32 8 98
8 33 13
33 8 66
8 34 64
34 8 59
8 35 39
35 8 37
8 36 37
36 8 99
8 37 21
37 8 39
8 38 69
38 8 96
8 39 23
39 8 22
8 40 15
40 8 73
8 41 15
41 8 8
8 42 56
42 8 23
8 43 88
43 8 61
8 44 70
44 8 26
8 45 72
45 8 24
8 46 36
46 8 77
8 47 46
47 8 52
8 48 16
48 8 58
8 49 45
49 8 91
8 50 80
50 8 41
8 51 89
51 8 62
8 52 15
52 8 37
8 53 11
53 8 34
8 54 96
54 8 44
8 55 77
55 8 69
8 56 49
56 8 93
8 57 34
57 8 2
8 58 89
58 8 19
8 59 47
59 8 24
8 60 59
60 8 14
8 61 87
61 8 93
8 62 40
62 8 56
8 63 73
63 8 90
8 64 58
64 8 85
8 65 43
65 8 62
8 66 39
66 8 44
8 67 38
67 8 79
8 68 42
68 8 75
8 69 76
69 8 1
8 70 78
70 8 50
8 71 5
71 8 35
8 72 92
72 8 78
8 73 14
73 8 48
8 74 40
74 8 23
8 75 63
75 8 40
8 76 1
76 8 36
8 77 79
77 8 27
8 78 18
78 8 78
8 79 71
79 8 17
8 80 60
80 8 5
8 81 90
81 8 100
8 82 69
82 8 64
8 83 88
83 8 7
8 84 79
84 8 35
8 85 36
85 8 8
8 86 24
86 8 29
8 87 28
87 8 58
8 88 50
88 8 92
8 89 7
89 8 22
8 90 3
90 8 36
8 91 18
91 8 55
8 92 12
92 8 99
8 93 5
93 8 54
8 94 13
94 8 70
8 95 27
95 8 1
8 96 7
96 8 97
8 97 4
97 8 85
8 98 64
98 8 53
8 99 25
99 8 20
9 11 34
11 9 41
9 12 94
12 9 94
9 13 43
13 9 15
9 14 69
14 9 51
9 15 58
15 9 11
9 16 28
16 9 41
9 17 63
17 9 65
9 18 39
18 9 91
9 19 63
19 9 31
9 20 65
20 9 35
9 21 35
21 9 16
9 22 0
22 9 91
9 23 56
23 9 18
9 24 28
24 9 11
9 25 64
25 9 93
9 26 0
26 9 50
9 27 97
27 9 10
9 28 87
28 9 0
9 29 44
29 9 8
9 30 84
30 9 92
9 31 72
31 9 99
9 32 77
32 9 77
9 33 79
33 9 54
9 34 2
34 9 12
9 35 24
35 9 35
9 36 29
36 9 64
9 37 19
37 9 41
9 38 32
38 9 94
9 39 59
39 9 69
9 40 2
40 9 15
9 41 71
41 9 39
9 42 76
42 9 80
9 43 38
43 9 58
9 44 73
44 9 55
9 45 62
45 9 33
9 46 48
46 9 65
9 47 76
47 9 76
9 48 60
48 9 26
9 49 36
49 9 47
9 50 92
50 9 46
9 51 88
51 9 6
9 52 7
52 9 44
9 53 13
53 9 83
9 54 83
54 9 13
9 55 67
55 9 48
9 56 32
56 9 58
9 57 13
57 9 44
9 58 73
58 9 52
9 59 96
59 9 52
9 60 64
60 9 55
9 61 42
61 9 66
9 62 71
62 9 78
9 63 77
63 9 11
9 64 60
64 9 62
9 65 21
65 9 5
9 66 61
66 9 88
9 67 74
67 9 24
9 68 36
68 9 24
9 69 57
69 9 20
9 70 85
70 9 60
9 71 16
71 9 68
9 72 12
72 9 17
9 73 5
73 9 91
9 74 66
74 9 80
9 75 65
75 9 32
9 76 72
76 9 6
9 77 97
77 9 2
9 78 58
78 9 87
9 79 8
79 9 6
9 80 14
80 9 18
9 81 37
81 9 27
9 82 16
82 9 98
9 83 71
83 9 17
9 84 84
84 9 16
9 85 93
85 9 84
9 86 77
86 9 99
9 87 20
87 9 41
9 88 46
88 9 30
9 89 67
89 9 64
9 90 75
90 9 1
9 91 7
91 9 30
9 92 1
92 9 22
9 93 54
93 9 68
9 94 79
94 9 67
9 95 99
95 9 88
9 96 84
96 9 47
9 97 65
97 9 67
9 98 83
98 9 19
9 99 80
99 9 63
10 12 15
12 10 87
10 13 91
13 10 77
10 14 40
14 10 58
10 15 74
15 10 5
10 16 85
16 10 50
10 17 56
17 10 78
10 18 49
18 10 44
10 19 28
19 10 97
10 20 1
20 10 72
10 21 56
21 10 92
10 22 0
22 10 80
10 23 39
23 10 26
10 24 97
24 10 46
10 25 72
25 10 47
10 26 59
26 10 64
10 27 33
27 10 19
10 28 67
28 10 25
10 29 85
29 10 50
10 30 26
30 10 4
10 31 55
31 10 58
10 32 94
32 10 92
10 33 44
33 10 84
10 34 47
34 10 14
10 35 59
35 10 29
10 36 67
36 10 2
10 37 57
37 10 49
10 38 99
38 10 48
10 39 69
39 10 53
10 40 74
40 10 5
10 41 92
41 10 1
10 42 38
42 10 3
10 43 77
43 10 9
10 44 92
44 10 5
10 45 61
45 10 40
10 46 5
46 10 99
10 47 25
47 10 60
10 48 65
48 10 39
10 49 65
49 10 39
10 50 6
50 10 99
10 51 0
51 10 15
10 52 36
52 10 99
10 53 60
53 10 97
10 54 80
54 10 23
10 55 10
55 10 28
10 56 63
56 10 26
10 57 25
57 10 6
10 58 28
58 10 45
10 59 90
59 10 64
10 60 56
60 10 71
10 61 70
61 10 46
10 62 93
62 10 78
10 63 82
63 10 32
10 64 15
64 10 32
10 65 91
65 10 99
10 66 68
66 10 73
10 67 71
67 10 40
10 68 39
68 10 13
10 69 75
69 10 15
10 70 53
70 10 66
10 71 66
71 10 98
10 72 30
72 10 5
10 73 95
73 10 41
10 74 45
74 10 50
10 75 53
75 10 17
10 76 75
76 10 20
10 77 93
77 10 51
10 78 71
78 10 91
10 79 46
79 10 28
10 80 2
80 10 2
10 81 93
81 10 70
10 82 7
82 10 28
10 83 66
83 10 77
10 84 84
84 10 69
10 85 62
85 10 0
10 86 41
86 10 84
10 87 47
87 10 85
10 88 74
88 10 17
10 89 73
89 10 17
10 90 66
90 10 38
10 91 80
91 10 74
10 92 15
92 10 95
10 93 85
93 10 96
10 94 95
94 10 88
10 95 49
95 10 81
10 96 5
96 10 60
10 97 33
97 10 80
10 98 61
98 10 60
10 99 25
99 10 85
11 14 100
14 11 60
11 15 58
15 11 89
11 16 14
16 11 48
11 17 37
17 11 8
11 18 76
18 11 50
11 19 73
19 11 98
11 20 65
20 11 4
11 21 25
21 11 87
11 22 28
22 11 15
11 23 35
23 11 1
11 24 20
24 11 42
11 25 36
25 11 66
11 26 35
26 11 3
11 27 49
27 11 38
11 28 57
28 11 5
11 29 4
29 11 92
11 30 3
30 11 96
11 31 1
31 11 37
11 32 48
32 11 51
11 33 89
33 11 16
11 34 87
34 11 15
11 35 84
35 11 47
11 36 31
36 11 86
11 37 99
37 11 39
11 38 78
38 11 41
11 39 41
39 11 6
11 40 82
40 11 12
11 41 50
41 11 65
11 42 22
42 11 87
11 43 89
43 11 99
11 44 74
44 11 7
11 45 60
45 11 30
11 46 18
46 11 99
11 47 17
47 11 64
11 48 9
48 11 44
11 49 37
49 11 43
11 50 77
50 11 70
11 51 3
51 11 42
11 52 26
52 11 20
11 53 73
53 11 23
11 54 82
54 11 20
11 55 57
55 11 46
11 56 20
56 11 55
11 57 60
57 11 78
11 58 25
58 11 52
11 59 100
59 11 48
11 60 76
60 11 35
11 61 13
61 11 66
11 62 63
62 11 9
11 63 28
63 11 86
11 64 76
64 11 35
11 65 69
65 11 81
11 66 73
66 11 54
11 67 92
67 11 41
11 68 32
68 11 29
11 69 56
69 11 82
11 70 12
70 11 64
11 71 26
71 11 36
11 72 63
72 11 19
11 73 73
73 11 37
11 74 32
74 11 62
11 75 46
75 11 88
11 76 45
76 11 25
11 77 21
77 11 71
11 78 23
78 11 30
11 79 15
79 11 38
11 80 30
80 11 69
11 81 91
81 11 35
11 82 56
82 11 97
11 83 18
83 11 17
11 84 16
84 11 74
11 85 26
85 11 15
11 86 28
86 11 90
11 87 87
87 11 82
11 88 26
88 11 47
11 89 84
89 11 28
11 90 57
90 11 47
11 91 46
91 11 80
11 92 16
92 11 4
11 93 86
93 11 76
11 94 69
94 11 66
11 95 24
95 11 84
11 96 41
96 11 48
11 97 82
97 11 21
11 98 88
98 11 31
11 99 75
99 11 67
12 13 7
13 12 73
12 14 63
14 12 58
12 16 16
16 12 100
12 17 20
17 12 99
12 18 52
18 12 80
12 19 42
19 12 50
12 20 2
20 12 6
12 21 64
21 12 26
12 22 7
22 12 67
12 23 58
23 12 15
12 24 50
24 12 80
12 25 48
25 12 26
12 26 99
26 12 86
12 27 52
27 12 2
12 28 1
28 12 16
12 29 16
29 12 67
12 30 61
30 12 33
12 31 94
31 12 80
12 32 17
32 12 33
12 33 35
33 12 78
12 34 38
34 12 51
12 35 66
35 12 58
12 36 12
36 12 10
12 37 5
37 12 57
12 38 49
38 12 10
12 39 75
39 12 72
12 40 3
40 12 56
12 41 63
41 12 31
12 42 8
42 12 75
12 43 22
43 12 16
12 44 36
44 12 95
12 45 54
45 12 4
12 46 17
46 12 72
12 47 67
47 12 31
12 48 93
48 12 7
12 49 46
49 12 26
12 50 81
50 12 18
12 51 54
51 12 81
12 52 75
52 12 80
12 53 31
53 12 37
12 54 74
54 12 81
12 55 15
55 12 61
12 56 72
56 12 41
12 57 73
57 12 10
12 58 33
58 12 77
12 59 2
59 12 4
12 60 52
60 12 49
12 61 70
61 12 40
12 62 17
62 12 1
12 63 66
63 12 33
12 64 65
64 12 65
12 65 57
65 12 27
12 66 59
66 12 9
12 67 20
67 12 38
12 68 44
68 12 60
12 69 58
69 12 77
12 70 23
70 12 84
12 71 4
71 12 6
12 72 52
72 12 21
12 73 7
73 12 94
12 74 29
74 12 55
12 75 85
75 12 7
12 76 68
76 12 22
12 77 75
77 12 13
12 78 55
78 12 82
12 79 57
79 12 37
12 80 71
80 12 23
12 81 81
81 12 48
12 82 96
82 12 1
12 83 20
83 12 86
12 84 15
84 12 66
12 85 82
85 12 98
12 86 23
86 12 92
12 87 61
87 12 30
12 88 13
88 12 55
12 89 41
89 12 23
12 90 45
90 12 80
12 91 46
91 12 12
12 92 66
92 12 64
12 93 71
93 12 38
12 94 48
94 12 8
12 95 18
95 12 88
12 96 26
96 12 51
12 97 71
97 12 18
12 98 44
98 12 37
12 99 43
99 12 46
13 15 4
15 13 75
13 16 83
16 13 67
13 17 15
17 13 51
13 18 39
18 13 50
13 19 67
19 13 72
13 20 40
20 13 31
13 21 95
21 13 75
13 22 37
22 13 4
13 23 86
23 13 86
13 24 73
24 13 92
13 25 99
25 13 92
13 26 26
26 13 35
13 27 52
27 13 64
13 28 41
28 13 55
13 29 43
29 13 73
13 30 71
30 13 51
13 31 65
31 13 61
13 32 74
32 13 35
13 33 98
33 13 7
13 34 71
34 13 27
13 35 7
35 13 52
13 36 25
36 13 45
13 37 43
37 13 48
13 38 68
38 13 4
13 39 37
39 13 33
13 40 99
40 13 56
13 41 88
41 13 39
13 42 57
42 13 1
13 43 51
43 13 41
13 44 100
44 13 72
13 45 36
45 13 11
13 46 32
46 13 83
13 47 70
47 13 57
13 48 34
48 13 61
13 49 50
49 13 74
13 50 85
50 13 89
13 51 98
51 13 95
13 52 96
52 13 89
13 53 11
53 13 47
13 54 9
54 13 94
13 55 13
55 13 61
13 56 97
56 13 26
13 57 30
57 13 85
13 58 71
58 13 47
13 59 18
59 13 84
13 60 11
60 13 42
13 61 36
61 13 40
13 62 94
62 13 71
13 63 71
63 13 36
13 64 76
64 13 9
13 65 85
65 13 28
13 66 7
66 13 47
13 67 84
67 13 28
13 68 25
68 13 35
13 69 24
69 13 75
13 70 79
70 13 13
13 71 81
71 13 40
13 72 12
72 13 51
13 73 61
73 13 84
13 74 42
74 13 28
13 75 84
75 13 27
13 76 62
76 13 62
13 77 39
77 13 67
13 78 87
78 13 74
13 79 86
79 13 5
13 80 67
80 13 83
13 81 40
81 13 80
13 82 79
82 13 14
13 83 0
83 13 7
13 84 4
84 13 46
13 85 30
85 13 5
13 86 7
86 13 92
13 87 28
87 13 80
13 88 15
88 13 38
13 89 55
89 13 63
13 90 23
90 13 27
13 91 95
91 13 70
13 92 66
92 13 43
13 93 24
93 13 69
13 94 7
94 13 38
13 95 48
95 13 63
13 96 59
96 13 1
13 97 52
97 13 53
13 98 50
98 13 75
13 99 19
99 13 29
14 16 30
16 14 73
14 17 73
17 14 3
14 18 21
18 14 73
14 19 97
19 14 74
14 20 77
20 14 50
14 21 55
21 14 13
14 22 40
22 14 95
14 23 60
23 14 73
14 24 41
24 14 84
14 25 26
25 14 49
14 26 27
26 14 17
14 27 90
27 14 47
14 28 18
28 14 4
14 29 23
29 14 8
14 30 76
30 14 61
14 31 33
31 14 84
14 32 90
32 14 17
14 33 27
33 14 28
14 34 35
34 14 25
14 35 26
35 14 43
14 36 26
36 14 49
14 37 52
37 14 91
14 38 63
38 14 58
14 39 21
39 14 39
14 40 90
40 14 46
14 41 14
41 14 10
14 42 31
42 14 91
14 43 55
43 14 5
14 44 75
44 14 76
14 45 55
45 14 66
14 46 87
46 14 76
14 47 24
47 14 56
14 48 1
48 14 26
14 49 2
49 14 51
14 50 100
50 14 12
14 51 49
51 14 53
14 52 66
52 14 37
14 53 56
53 14 14
14 54 4
54 14 7
14 55 29
55 14 41
14 56 86
56 14 99
14 57 12
57 14 73
14 58 60
58 14 65
14 59 48
59 14 16
14 60 53
60 14 3
14 61 23
61 14 79
14 62 26
62 14 69
14 63 57
63 14 16
14 64 64
64 14 22
14 65 3
65 14 11
14 66 86
66 14 13
14 67 81
67 14 82
14 68 82
68 14 43
14 69 14
69 14 10
14 70 7
70 14 93
14 71 52
71 14 33
14 72 97
72 14 48
14 73 94
73 14 65
14 74 16
74 14 53
14 75 40
75 14 98
14 76 52
76 14 5
14 77 67
77 14 33
14 78 39
78 14 80
14 79 40
79 14 29
14 80 18
80 14 12
14 81 23
81 14 34
14 82 45
82 14 35
14 83 16
83 14 98
14 84 19
84 14 40
14 85 12
85 14 57
14 86 6
86 14 67
14 87 16
87 14 82
14 88 55
88 14 52
14 89 76
89 14 17
14 90 82
90 14 9
14 91 29
91 14 43
14 92 16
92 14 72
14 93 19
93 14 7
14 94 12
94 14 64
14 95 3
95 14 18
14 96 56
96 14 35
14 97 91
97 14 23
14 98 11
98 14 47
14 99 79
99 14 50
15 17 93
17 15 64
15 18 15
18 15 48
15 19 28
19 15 84
15 20 67
20 15 81
15 21 52
21 15 21
15 22 42
22 15 87
15 23 44
23 15 82
15 24 55
24 15 83
15 25 26
25 15 86
15 26 56
26 15 18
15 27 92
27 15 42
15 28 96
28 15 97
15 29 7
29 15 86
15 30 42
30 15 23
15 31 4
31 15 39
15 32 2
32 15 9
15 33 40
33 15 24
15 34 66
34 15 66
15 35 42
35 15 80
15 36 58
36 15 78
15 37 3
37 15 46
15 38 68
38 15 4
15 39 57
39 15 59
15 40 46
40 15 71
15 41 88
41 15 47
15 42 15
42 15 14
15 43 65
43 15 56
15 44 33
44 15 92
15 45 100
45 15 39
15 46 41
46 15 72
15 47 60
47 15 85
15 48 1
48 15 88
15 49 9
49 15 3
15 50 21
50 15 2
15 51 80
51 15 25
15 52 29
52 15 66
15 53 93
53 15 55
15 54 66
54 15 60
15 55 83
55 15 48
15 56 35
56 15 41
15 57 33
57 15 55
15 58 29
58 15 49
15 59 33
59 15 35
15 60 17
60 15 74
15 61 77
61 15 89
15 62 67
62 15 29
15 63 2
63 15 3
15 64 47
64 15 87
15 65 21
65 15 78
15 66 9
66 15 27
15 67 50
67 15 63
15 68 59
68 15 60
15 69 91
69 15 95
15 70 68
70 15 20
15 71 48
71 15 2
15 72 67
72 15 66
15 73 69
73 15 57
15 74 3
74 15 84
15 75 38
75 15 43
15 76 32
76 15 42
15 77 60
77 15 62
15 78 78
78 15 44
15 79 85
79 15 76
15 80 40
80 15 39
15 81 89
81 15 68
15 82 91
82 15 20
15 83 59
83 15 63
15 84 87
84 15 45
15 85 5
85 15 5
15 86 65
86 15 83
15 87 62
87 15 51
15 88 91
88 15 21
15 89 10
89 15 1
15 90 10
90 15 65
15 91 14
91 15 42
15 92 11
92 15 86
15 93 49
93 15 32
15 94 70
94 15 11
15 95 29
95 15 8
15 96 31
96 15 64
15 97 48
97 15 72
15 98 82
98 15 18
15 99 32
99 15 99
16 18 71
18 16 73
16 19 87
19 16 13
16 20 84
20 16 24
16 21 27
21 16 13
16 22 82
22 16 59
16 23 49
23 16 99
16 24 63
24 16 51
16 25 12
25 16 19
16 26 18
26 16 57
16 27 38
27 16 52
16 28 9
28 16 3
16 29 98
29 16 70
16 30 14
30 16 83
16 31 18
31 16 54
16 32 74
32 16 16
16 33 79
33 16 12
16 34 51
34 16 58
16 35 43
35 16 80
16 36 36
36 16 42
16 37 38
37 16 18
16 38 42
38 16 5
16 39 35
39 16 45
16 40 79
40 16 39
16 41 7
41 16 71
16 42 34
42 16 71
16 43 10
43 16 32
16 44 96
44 16 35
16 45 99
45 16 30
16 46 9
46 16 85
16 47 87
47 16 63
16 48 57
48 16 40
16 49 16
49 16 33
16 50 14
50 16 68
16 51 12
51 16 29
16 52 99
52 16 80
16 53 17
53 16 4
16 54 57
54 16 46
16 55 92
55 16 41
16 56 8
56 16 42
16 57 26
57 16 83
16 58 29
58 16 50
16 59 79
59 16 96
16 60 1
60 16 99
16 61 19
61 16 19
16 62 6
62 16 18
16 63 84
63 16 22
16 64 18
64 16 20
16 65 34
65 16 16
16 66 8
66 16 23
16 67 34
67 16 35
16 68 37
68 16 15
16 69 95
69 16 33
16 70 13
70 16 75
16 71 52
71 16 19
16 72 43
72 16 92
16 73 84
73 16 88
16 74 47
74 16 20
16 75 92
75 16 69
16 76 95
76 16 25
16 77 22
77 16 63
16 78 50
78 16 48
16 79 7
79 16 27
16 80 3
80 16 89
16 81 6
81 16 28
16 82 3
82 16 60
16 83 52
83 16 51
16 84 96
84 16 13
16 85 53
85 16 38
16 86 4
86 16 62
16 87 43
87 16 98
16 88 62
88 16 84
16 89 92
89 16 23
16 90 70
90 16 9
16 91 79
91 16 20
16 92 57
92 16 63
16 93 28
93 16 87
16 94 33
94 16 84
16 95 94
95 16 94
16 96 42
96 16 96
16 97 90
97 16 46
16 98 17
98 16 76
16 99 17
99 16 70
17 19 79
19 17 71
17 20 45
20 17 87
17 21 3
21 17 86
17 22 15
22 17 26
17 23 89
23 17 65
17 24 43
24 17 3
17 25 43
25 17 53
17 26 18
26 17 57
17 27 1
27 17 68
17 28 70
28 17 96
17 29 66
29 17 5
17 30 52
30 17 17
17 31 9
31 17 5
17 32 59
32 17 67
17 33 4
33 17 13
17 34 20
34 17 89
17 35 45
35 17 25
17 36 89
36 17 6
17 37 100
37 17 42
17 38 46
38 17 42
17 39 73
39 17 55
17 40 42
40 17 27
17 41 96
41 17 23
17 42 19
42 17 22
17 43 22
43 17 99
17 44 70
44 17 96
17 45 63
45 17 42
17 46 94
46 17 81
17 47 92
47 17 24
17 48 55
48 17 92
17 49 12
49 17 46
17 50 54
50 17 23
17 51 91
51 17 81
17 52 86
52 17 23
17 53 81
53 17 75
17 54 90
54 17 97
17 55 41
55 17 19
17 56 70
56 17 29
17 57 50
57 17 88
17 58 22
58 17 59
17 59 67
59 17 15
17 60 51
60 17 28
17 61 31
61 17 1
17 62 33
62 17 50
17 63 31
63 17 50
17 64 13
64 17 10
17 65 12
65 17 68
17 66 67
66 17 86
17 67 60
67 17 35
17 68 5
68 17 94
17 69 9
69 17 59
17 70 5
70 17 86
17 71 41
71 17 10
17 72 93
72 17 31
17 73 74
73 17 8
17 74 64
74 17 84
17 75 28
75 17 33
17 76 94
76 17 80
17 77 64
77 17 96
17 78 82
78 17 41
17 79 50
79 17 12
17 80 10
80 17 79
17 81 53
81 17 9
17 82 39
82 17 89
17 83 27
83 17 5
17 84 15
84 17 18
17 85 55
85 17 57
17 86 72
86 17 33
17 87 63
87 17 18
17 88 57
88 17 86
17 89 87
89 17 62
17 90 50
90 17 88
17 91 72
91 17 36
17 92 5
92 17 95
17 93 75
93 17 45
17 94 70
94 17 29
17 95 93
95 17 17
17 96 78
96 17 41
17 97 10
97 17 14
17 98 8
98 17 62
17 99 85
99 17 21
18 20 72
20 18 16
18 21 18
21 18 43
18 22 33
22 18 62
18 23 22
23 18 83
18 24 80
24 18 29
18 25 11
25 18 30
18 26 74
26 18 73
18 27 54
27 18 96
18 28 91
28 18 77
18 29 24
29 18 32
18 30 71
30 18 38
18 31 34
31 18 88
18 32 90
32 18 80
18 33 77
33 18 67
18 34 74
34 18 75
18 35 65
35 18 79
18 36 85
36 18 82
18 37 21
37 18 99
18 38 16
38 18 50
18 39 28
39 18 69
18 40 7
40 18 68
18 41 49
41 18 22
18 42 1
42 18 66
18 43 84
43 18 7
18 44 93
44 18 22
18 45 9
45 18 42
18 46 46
46 18 11
18 47 4
47 18 36
18 48 3
48 18 50
18 49 63
49 18 34
18 50 12
50 18 89
18 51 33
51 18 41
18 52 58
52 18 12
18 53 61
53 18 91
18 54 69
54 18 42
18 55 1
55 18 78
18 56 100
56 18 84
18 57 85
57 18 73
18 58 47
58 18 61
18 59 40
59 18 8
18 60 62
60 18 83
18 61 86
61 18 24
18 62 4
62 18 34
18 63 2
63 18 80
18 64 10
64 18 48
18 65 51
65 18 72
18 66 38
66 18 23
18 67 94
67 18 50
18 68 64
68 18 65
18 69 83
69 18 90
18 70 50
70 18 45
18 71 53
71 18 99
18 72 54
72 18 2
18 73 44
73 18 72
18 74 87
74 18 39
18 75 94
75 18 61
18 76 59
76 18 13
18 77 74
77 18 6
18 78 42
78 18 98
18 79 31
79 18 61
18 80 31
80 18 75
18 81 24
81 18 23
18 82 91
82 18 61
18 83 66
83 18 16
18 84 58
84 18 69
18 85 71
85 18 88
18 86 3
86 18 47
18 87 58
87 18 47
18 88 59
88 18 11
18 89 3
89 18 97
18 90 29
90 18 13
18 91 20
91 18 64
18 92 78
92 18 42
18 93 83
93 18 19
18 94 38
94 18 39
18 95 94
95 18 72
18 96 86
96 18 53
18 97 12
97 18 33
18 98 20
98 18 88
18 99 70
99 18 68
19 21 26
21 19 100
19 22 50
22 19 28
19 23 10
23 19 70
19 24 28
24 19 9
19 25 30
25 19 2
19 26 28
26 19 29
19 27 80
27 19 47
19 28 52
28 19 23
19 29 39
29 19 34
19 30 21
30 19 63
19 31 38
31 19 75
19 32 66
32 19 18
19 33 6
33 19 38
19 34 48
34 19 99
19 35 39
35 19 77
19 36 21
36 19 21
19 37 95
37 19 70
19 38 56
38 19 78
19 39 88
39 19 41
19 40 25
40 19 86
19 41 78
41 19 61
19 42 58
42 19 86
19 43 20
43 19 12
19 44 58
44 19 1
19 45 92
45 19 91
19 46 12
46 19 22
19 47 97
47 19 36
19 48 28
48 19 46
19 49 26
49 19 30
19 50 10
50 19 74
19 51 17
51 19 9
19 52 26
52 19 89
19 53 89
53 19 99
19 54 24
54 19 52
19 55 3
55 19 38
19 56 22
56 19 65
19 57 67
57 19 83
19 58 79
58 19 81
19 59 12
59 19 14
19 60 22
60 19 61
19 61 54
61 19 35
19 62 90
62 19 40
19 63 34
63 19 35
19 64 0
64 19 65
19 65 70
65 19 13
19 66 67
66 19 59
19 67 74
67 19 12
19 68 60
68 19 8
19 69 57
69 19 19
19 70 11
70 19 37
19 71 68
71 19 94
19 72 44
72 19 20
19 73 22
73 19 87
19 74 47
74 19 34
19 75 53
75 19 78
19 76 31
76 19 17
19 77 68
77 19 44
19 78 82
78 19 69
19 79 39
79 19 49
19 80 0
80 19 80
19 81 14
81 19 10
19 82 69
82 19 52
19 83 67
83 19 77
19 84 68
84 19 72
19 85 87
85 19 6
19 86 57
86 19 42
19 87 51
87 19 52
19 88 99
88 19 89
19 89 93
89 19 71
19 90 32
90 19 46
19 91 2
91 19 6
19 92 63
92 19 44
19 93 31
93 19 75
19 94 4
94 19 44
19 95 18
95 19 44
19 96 83
96 19 33
19 97 4
97 19 6
19 98 51
98 19 26
19 99 40
99 19 14
20 22 13
22 20 73
20 23 42
23 20 61
20 24 56
24 20 92
20 25 34
25 20 32
20 26 44
26 20 26
20 27 62
27 20 90
20 28 43
28 20 66
20 29 45
29 20 17
20 30 84
30 20 35
20 31 56
31 20 29
20 32 36
32 20 71
20 33 15
33 20 53
20 34 70
34 20 46
20 35 1
35 20 64
20 36 73
36 20 28
20 37 78
37 20 40
20 38 37
38 20 59
20 39 81
39 20 17
20 40 40
40 20 63
20 41 56
41 20 60
20 42 74
42 20 73
20 43 29
43 20 68
20 44 60
44 20 49
20 45 35
45 20 17
20 46 40
46 20 41
20 47 52
47 20 6
20 48 59
48 20 43
20 49 57
49 20 86
20 50 94
50 20 67
20 51 17
51 20 61
20 52 40
52 20 54
20 53 96
53 20 89
20 54 79
54 20 94
20 55 34
55 20 57
20 56 62
56 20 11
20 57 81
57 20 87
20 58 58
58 20 98
20 59 4
59 20 96
20 60 94
60 20 47
20 61 64
61 20 26
20 62 31
62 20 98
20 63 82
63 20 81
20 64 41
64 20 16
20 65 90
65 20 56
20 66 60
66 20 99
20 67 44
67 20 32
20 68 48
68 20 2
20 69 12
69 20 82
20 70 31
70 20 44
20 71 13
71 20 46
20 72 78
72 20 22
20 73 36
73 20 13
20 74 0
74 20 78
20 75 58
75 20 79
20 76 17
76 20 41
20 77 36
77 20 7
20 78 10
78 20 85
20 79 42
79 20 56
20 80 73
80 20 42
20 81 52
81 20 90
20 82 90
82 20 57
20 83 91
83 20 49
20 84 55
84 20 69
20 85 7
85 20 96
20 86 32
86 20 82
20 87 68
87 20 41
20 88 96
88 20 55
20 89 80
89 20 66
20 90 67
90 20 43
20 91 57
91 20 5
20 92 22
92 20 64
20 93 7
93 20 7
20 94 57
94 20 18
20 95 27
95 20 7
20 96 63
96 20 91
20 97 43
97 20 63
20 98 28
98 20 61
20 99 54
99 20 35
21 23 22
23 21 40
21 24 28
24 21 75
21 25 47
25 21 30
21 26 53
26 21 64
21 27 38
27 21 14
21 28 76
28 21 18
21 29 47
29 21 64
21 30 9
30 21 28
21 31 7
31 21 2
21 32 21
32 21 68
21 33 40
33 21 75
21 34 100
34 21 93
21 35 98
35 21 20
21 36 46
36 21 62
21 37 36
37 21 31
21 38 76
38 21 17
21 39 20
39 21 10
21 40 41
40 21 56
21 41 99
41 21 11
21 42 27
42 21 8
21 43 18
43 21 97
21 44 88
44 21 5
21 45 49
45 21 86
21 46 83
46 21 45
21 47 39
47 21 75
21 48 78
48 21 79
21 49 75
49 21 32
21 50 41
50 21 41
21 51 65
51 21 56
21 52 54
52 21 85
21 53 1
53 21 49
21 54 39
54 21 24
21 55 60
55 21 11
21 56 95
56 21 64
21 57 60
57 21 75
21 58 21
58 21 60
21 59 4
59 21 87
21 60 10
60 21 18
21 61 71
61 21 1
21 62 98
62 21 34
21 63 3
63 21 87
21 64 90
64 21 70
21 65 1
65 21 72
21 66 43
66 21 82
21 67 27
67 21 48
21 68 7
68 21 88
21 69 63
69 21 18
21 70 1
70 21 23
21 71 39
71 21 33
21 72 82
72 21 82
21 73 19
73 21 53
21 74 49
74 21 6
21 75 56
75 21 24
21 76 5
76 21 52
21 77 71
77 21 31
21 78 24
78 21 97
21 79 3
79 21 91
21 80 10
80 21 88
21 81 51
81 21 75
21 82 42
82 21 41
21 83 5
83 21 99
21 84 38
84 21 34
21 85 6
85 21 93
21 86 20
86 21 87
21 87 67
87 21 66
21 88 73
88 21 9
21 89 80
89 21 54
21 90 93
90 21 60
21 91 32
91 21 78
21 92 51
92 21 18
21 93 100
93 21 46
21 94 72
94 21 97
21 95 84
95 21 21
21 96 60
96 21 97
21 97 96
97 21 34
21 98 63
98 21 16
21 99 73
99 21 99
22 24 27
24 22 51
22 25 36
25 22 47
22 26 25
26 22 17
22 27 74
27 22 86
22 28 33
28 22 69
22 29 18
29 22 41
22 30 52
30 22 12
22 31 89
31 22 36
22 32 2
32 22 68
22 33 58
33 22 63
22 34 32
34 22 46
22 35 30
35 22 57
22 36 27
36 22 54
22 37 9
37 22 74
22 38 4
38 22 42
22 39 56
39 22 64
22 40 17
40 22 28
22 41 5
41 22 45
22 42 50
42 22 55
22 43 69
43 22 74
22 44 84
44 22 0
22 45 20
45 22 15
22 46 14
46 22 80
22 47 1
47 22 67
22 48 33
48 22 75
22 49 23
49 22 54
22 50 45
50 22 37
22 51 21
51 22 56
22 52 38
52 22 30
22 53 13
53 22 95
22 54 56
54 22 35
22 55 63
55 22 68
22 56 61
56 22 66
22 57 4
57 22 13
22 58 19
58 22 59
22 59 33
59 22 70
22 60 85
60 22 23
22 61 40
61 22 90
22 62 54
62 22 58
22 63 71
63 22 20
22 64 94
64 22 1
22 65 53
65 22 64
22 66 74
66 22 72
22 67 61
67 22 62
22 68 11
68 22 11
22 69 34
69 22 34
22 70 74
70 22 70
22 71 29
71 22 17
22 72 30
72 22 63
22 73 88
73 22 15
22 74 3
74 22 94
22 75 7
75 22 41
22 76 63
76 22 12
22 77 93
77 22 97
22 78 15
78 22 33
22 79 6
79 22 60
22 80 58
80 22 77
22 81 84
81 22 37
22 82 1
82 22 71
22 83 5
83 22 22
22 84 88
84 22 60
22 85 54
85 22 53
22 86 47
86 22 55
22 87 29
87 22 25
22 88 91
88 22 37
22 89 89
89 22 22
22 90 40
90 22 11
22 91 54
91 22 10
22 92 75
92 22 85
22 93 67
93 22 64
22 94 14
94 22 63
22 95 83
95 22 16
22 96 7
96 22 86
22 97 39
97 22 22
22 98 90
98 22 53
22 99 92
99 22 62
23 25 61
25 23 23
23 26 3
26 23 61
23 27 62
27 23 86
23 28 66
28 23 59
23 29 57
29 23 17
23 30 96
30 23 96
23 31 53
31 23 81
23 32 81
32 23 76
23 33 4
33 23 19
23 34 55
34 23 91
23 35 34
35 23 31
23 36 27
36 23 93
23 37 60
37 23 52
23 38 1
38 23 78
23 39 69
39 23 3
23 40 69
40 23 22
23 41 59
41 23 83
23 42 6
42 23 20
23 43 4
43 23 10
23 44 50
44 23 93
23 45 25
45 23 81
23 46 57
46 23 33
23 47 31
47 23 66
23 48 59
48 23 74
23 49 25
49 23 98
23 50 55
50 23 51
23 51 40
51 23 22
23 52 8
52 23 50
23 53 97
53 23 24
23 54 42
54 23 72
23 55 78
55 23 15
23 56 82
56 23 95
23 57 18
57 23 80
23 58 94
58 23 39
23 59 45
59 23 11
23 60 38
60 23 8
23 61 66
61 23 50
23 62 70
62 23 54
23 63 50
63 23 18
23 64 45
64 23 41
23 65 48
65 23 86
23 66 50
66 23 13
23 67 52
67 23 16
23 68 77
68 23 71
23 69 58
69 23 67
23 70 39
70 23 10
23 71 94
71 23 43
23 72 53
72 23 47
23 73 37
73 23 90
23 74 20
74 23 6
23 75 74
75 23 34
23 76 90
76 23 44
23 77 91
77 23 11
23 78 85
78 23 11
23 79 22
79 23 57
23 80 9
80 23 68
23 81 13
81 23 67
23 82 44
82 23 64
23 83 38
83 23 31
23 84 52
84 23 50
23 85 25
85 23 30
23 86 32
86 23 6
23 87 66
87 23 99
23 88 65
88 23 24
23 89 42
89 23 79
23 90 67
90 23 98
23 91 97
91 23 96
23 92 19
92 23 49
23 93 17
93 23 62
23 94 21
94 23 34
23 95 39
95 23 28
23 96 1
96 23 44
23 97 93
97 23 98
23 98 28
98 23 87
23 99 86
99 23 56
24 26 58
26 24 42
24 27 39
27 24 48
24 28 4
28 24 69
24 29 89
29 24 93
24 30 43
30 24 76
24 31 38
31 24 47
24 32 57
32 24 86
24 33 100
33 24 4
24 34 31
34 24 89
24 35 83
35 24 29
24 36 53
36 24 27
24 37 68
37 24 80
24 38 88
38 24 7
24 39 78
39 24 4
24 40 74
40 24 87
24 41 31
41 24 54
24 42 97
42 24 100
24 43 73
43 24 94
24 44 59
44 24 27
24 45 31
45 24 78
24 46 75
46 24 98
24 47 57
47 24 38
24 48 70
48 24 11
24 49 38
49 24 72
24 50 4
50 24 68
24 51 6
51 24 34
24 52 45
52 24 43
24 53 23
53 24 94
24 54 60
54 24 56
24 55 44
55 24 12
24 56 75
56 24 83
24 57 58
57 24 47
24 58 1
58 24 37
24 59 93
59 24 52
24 60 6
60 24 33
24 61 22
61 24 74
24 62 34
62 24 36
24 63 77
63 24 16
24 64 25
64 24 76
24 65 74
65 24 28
24 66 80
66 24 13
24 67 8
67 24 21
24 68 48
68 24 55
24 69 79
69 24 36
24 70 61
70 24 58
24 71 56
71 24 65
24 72 74
72 24 59
24 73 56
73 24 53
24 74 98
74 24 25
24 75 83
75 24 60
24 76 56
76 24 40
24 77 53
77 24 77
24 78 29
78 24 43
24 79 19
79 24 41
24 80 78
80 24 98
24 81 99
81 24 33
24 82 12
82 24 85
24 83 90
83 24 77
24 84 23
84 24 18
24 85 24
85 24 80
24 86 94
86 24 32
24 87 75
87 24 47
24 88 4
88 24 44
24 89 72
89 24 10
24 90 93
90 24 74
24 91 36
91 24 14
24 92 69
92 24 54
24 93 84
93 24 57
24 94 89
94 24 80
24 95 13
95 24 41
24 96 14
96 24 43
24 97 48
97 24 75
24 98 3
98 24 32
24 99 30
99 24 42
25 27 23
27 25 72
25 28 76
28 25 54
25 29 8
29 25 5
25 30 84
30 25 91
25 31 28
31 25 28
25 32 90
32 25 38
25 33 68
33 25 11
25 34 95
34 25 38
25 35 43
35 25 58
25 36 74
36 25 36
25 37 58
37 25 29
25 38 61
38 25 75
25 39 87
39 25 17
25 40 43
40 25 57
25 41 91
41 25 92
25 42 83
42 25 40
25 43 20
43 25 34
25 44 87
44 25 95
25 45 95
45 25 6
25 46 78
46 25 15
25 47 36
47 25 6
25 48 81
48 25 27
25 49 21
49 25 44
25 50 0
50 25 61
25 51 93
51 25 89
25 52 84
52 25 78
25 53 43
53 25 90
25 54 70
54 25 12
25 55 67
55 25 70
25 56 1
56 25 27
25 57 21
57 25 47
25 58 68
58 25 1
25 59 19
59 25 3
25 60 72
60 25 37
25 61 92
61 25 75
25 62 50
62 25 86
25 63 88
63 25 4
25 64 71
64 25 49
25 65 67
65 25 3
25 66 11
66 25 65
25 67 44
67 25 64
25 68 86
68 25 20
25 69 96
69 25 6
25 70 49
70 25 53
25 71 33
71 25 80
25 72 9
72 25 81
25 73 74
73 25 2
25 74 35
74 25 54
25 75 98
75 25 3
25 76 70
76 25 7
25 77 39
77 25 45
25 78 72
78 25 44
25 79 36
79 25 49
25 80 37
80 25 51
25 81 35
81 25 71
25 82 20
82 25 77
25 83 1
83 25 75
25 84 74
84 25 48
25 85 70
85 25 86
25 86 45
86 25 35
25 87 67
87 25 48
25 88 37
88 25 37
25 89 85
89 25 63
25 90 49
90 25 74
25 91 88
91 25 35
25 92 76
92 25 16
25 93 13
93 25 18
25 94 34
94 25 41
25 95 18
95 25 79
25 96 37
96 25 85
25 97 48
97 25 55
25 98 54
98 25 82
25 99 45
99 25 12
26 30 96
30 26 25
26 31 6
31 26 2
26 32 54
32 26 95
26 33 44
33 26 79
26 34 4
34 26 75
26 35 27
35 26 37
26 36 44
36 26 36
26 37 93
37 26 86
26 38 11
38 26 44
26 39 78
39 26 14
26 40 98
40 26 41
26 41 96
41 26 26
26 42 60
42 26 6
26 43 45
43 26 43
26 44 82
44 26 100
26 45 95
45 26 96
26 46 53
46 26 70
26 47 98
47 26 5
26 48 11
48 26 76
26 49 38
49 26 42
26 50 49
50 26 39
26 51 87
51 26 28
26 52 81
52 26 57
26 53 63
53 26 25
26 54 84
54 26 63
26 55 11
55 26 75
26 56 59
56 26 18
26 57 15
57 26 81
26 58 86
58 26 8
26 59 40
59 26 48
26 60 43
60 26 23
26 61 92
61 26 9
26 62 88
62 26 10
26 63 20
63 26 55
26 64 25
64 26 68
26 65 70
65 26 67
26 66 70
66 26 55
26 67 87
67 26 94
26 68 67
68 26 50
26 69 34
69 26 73
26 70 76
70 26 7
26 71 66
71 26 0
26 72 35
72 26 61
26 73 78
73 26 38
26 74 89
74 26 53
26 75 1
75 26 93
26 76 18
76 26 69
26 77 14
77 26 51
26 78 19
78 26 12
26 79 77
79 26 63
26 80 43
80 26 52
26 81 40
81 26 87
26 82 97
82 26 65
26 83 37
83 26 22
26 84 3
84 26 94
26 85 66
85 26 4
26 86 16
86 26 55
26 87 62
87 26 79
26 88 56
88 26 94
26 89 70
89 26 21
26 90 66
90 26 82
26 91 43
91 26 67
26 92 26
92 26 89
26 93 14
93 26 21
26 94 58
94 26 55
26 95 4
95 26 77
26 96 96
96 26 52
26 97 69
97 26 18
26 98 73
98 26 9
26 99 70
99 26 50
27 28 31
28 27 98
27 29 89
29 27 68
27 31 35
31 27 15
27 32 49
32 27 58
27 33 72
33 27 58
27 34 94
34 27 27
27 35 77
35 27 88
27 36 31
36 27 68
27 37 83
37 27 39
27 38 9
38 27 44
27 39 55
39 27 96
27 40 14
40 27 19
27 41 23
41 27 80
27 42 88
42 27 1
27 43 100
43 27 71
27 44 77
44 27 6
27 45 3
45 27 62
27 46 22
46 27 99
27 47 1
47 27 45
27 48 51
48 27 43
27 49 95
49 27 68
27 50 82
50 27 32
27 51 23
51 27 34
27 52 5
52 27 76
27 53 30
53 27 64
27 54 3
54 27 50
27 55 33
55 27 43
27 56 8
56 27 74
27 57 54
57 27 68
27 58 56
58 27 82
27 59 44
59 27 40
27 60 35
60 27 8
27 61 32
61 27 75
27 62 67
62 27 60
27 63 70
63 27 12
27 64 82
64 27 72
27 65 80
65 27 17
27 66 94
66 27 42
27 67 24
67 27 68
27 68 46
68 27 2
27 69 0
69 27 83
27 70 93
70 27 2
27 71 67
71 27 34
27 72 52
72 27 21
27 73 1
73 27 30
27 74 55
74 27 44
27 75 54
75 27 20
27 76 99
76 27 51
27 77 81
77 27 6
27 78 12
78 27 49
27 79 3
79 27 59
27 80 25
80 27 23
27 81 61
81 27 30
27 82 3
82 27 56
27 83 50
83 27 50
27 84 99
84 27 39
27 85 78
85 27 95
27 86 98
86 27 59
27 87 93
87 27 63
27 88 5
88 27 66
27 89 39
89 27 65
27 90 43
90 27 36
27 91 35
91 27 7
27 92 71
92 27 35
27 93 73
93 27 30
27 94 60
94 27 45
27 95 45
95 27 58
27 96 6
96 27 85
27 97 3
97 27 23
27 98 30
98 27 30
27 99 96
99 27 32
28 29 25
29 28 11
28 31 53
31 28 78
28 32 13
32 28 70
28 33 82
33 28 80
28 34 72
34 28 37
28 35 4
35 28 91
28 36 60
36 28 10
28 37 95
37 28 68
28 38 28
38 28 1
28 39 10
39 28 42
28 40 16
40 28 46
28 41 74
41 28 11
28 42 30
42 28 9
28 43 69
43 28 40
28 44 31
44 28 28
28 45 61
45 28 55
28 46 54
46 28 2
28 47 14
47 28 16
28 48 30
48 28 75
28 49 23
49 28 34
28 50 97
50 28 56
28 51 36
51 28 61
28 52 46
52 28 85
28 53 22
53 28 90
28 54 89
54 28 53
28 55 52
55 28 50
28 56 12
56 28 4
28 57 96
57 28 7
28 58 82
58 28 89
28 59 89
59 28 59
28 60 11
60 28 46
28 61 40
61 28 81
28 62 71
62 28 73
28 63 26
63 28 12
28 64 30
64 28 72
28 65 67
65 28 62
28 66 29
66 28 62
28 67 2
67 28 87
28 68 17
68 28 86
28 69 96
69 28 60
28 70 56
70 28 69
28 71 5
71 28 92
28 72 82
72 28 14
28 73 47
73 28 65
28 74 16
74 28 36
28 75 28
75 28 54
28 76 14
76 28 53
28 77 49
77 28 5
28 78 84
78 28 42
28 79 29
79 28 14
28 80 78
80 28 45
28 81 33
81 28 6
28 82 34
82 28 11
28 83 48
83 28 42
28 84 74
84 28 72
28 85 42
85 28 83
28 86 19
86 28 4
28 87 35
87 28 5
28 88 38
88 28 73
28 89 89
89 28 92
28 90 32
90 28 89
28 91 70
91 28 67
28 92 22
92 28 87
28 93 7
93 28 78
28 94 25
94 28 31
28 95 82
95 28 2
28 96 39
96 28 56
28 97 45
97 28 28
28 98 57
98 28 53
28 99 59
99 28 100
29 31 5
31 29 42
29 32 59
32 29 80
29 33 18
33 29 67
29 34 58
34 29 59
29 35 46
35 29 87
29 36 20
36 29 71
29 37 47
37 29 20
29 38 0
38 29 98
29 39 31
39 29 12
29 40 72
40 29 88
29 41 43
41 29 15
29 42 82
42 29 61
29 43 60
43 29 73
29 44 74
44 29 28
29 45 84
45 29 26
29 46 68
46 29 54
29 47 82
47 29 55
29 48 32
48 29 13
29 49 64
49 29 33
29 50 69
50 29 18
29 51 38
51 29 96
29 52 97
52 29 5
29 53 100
53 29 14
29 54 58
54 29 74
29 55 10
55 29 20
29 56 8
56 29 73
29 57 72
57 29 7
29 58 57
58 29 49
29 59 82
59 29 93
29 60 58
60 29 29
29 61 26
61 29 29
29 62 69
62 29 6
29 63 82
63 29 88
29 64 79
64 29 3
29 65 97
65 29 47
29 66 35
66 29 25
29 67 68
67 29 78
29 68 51
68 29 3
29 69 14
69 29 53
29 70 39
70 29 52
29 71 81
71 29 9
29 72 70
72 29 7
29 73 61
73 29 62
29 74 48
74 29 93
29 75 23
75 29 28
29 76 77
76 29 69
29 77 92
77 29 77
29 78 48
78 29 1
29 79 66
79 29 92
29 80 50
80 29 66
29 81 7
81 29 23
29 82 0
82 29 38
29 83 45
83 29 83
29 84 78
84 29 82
29 85 4
85 29 18
29 86 16
86 29 42
29 87 16
87 29 3
29 88 50
88 29 28
29 89 74
89 29 22
29 90 9
90 29 2
29 91 56
91 29 59
29 92 78
92 29 85
29 93 23
93 29 57
29 94 69
94 29 26
29 95 32
95 29 96
29 96 41
96 29 43
29 97 7
97 29 98
29 98 42
98 29 33
29 99 2
99 29 39
30 32 6
32 30 64
30 33 15
33 30 81
30 34 89
34 30 76
30 35 62
35 30 42
30 36 79
36 30 63
30 37 33
37 30 85
30 38 81
38 30 65
30 39 7
39 30 73
30 40 55
40 30 85
30 41 26
41 30 97
30 42 69
42 30 66
30 43 71
43 30 34
30 44 6
44 30 35
30 45 14
45 30 15
30 46 88
46 30 57
30 47 83
47 30 2
30 48 27
48 30 35
30 49 73
49 30 44
30 50 42
50 30 99
30 51 4
51 30 99
30 52 49
52 30 94
30 53 20
53 30 7
30 54 27
54 30 73
30 55 38
55 30 65
30 56 30
56 30 44
30 57 38
57 30 83
30 58 8
58 30 70
30 59 9
59 30 71
30 60 88
60 30 23
30 61 70
61 30 68
30 62 47
62 30 89
30 63 57
63 30 86
30 64 99
64 30 85
30 65 97
65 30 42
30 66 39
66 30 97
30 67 81
67 30 64
30 68 95
68 30 98
30 69 20
69 30 36
30 70 37
70 30 13
30 71 19
71 30 2
30 72 55
72 30 23
30 73 47
73 30 73
30 74 27
74 30 51
30 75 88
75 30 93
30 76 5
76 30 72
30 77 89
77 30 73
30 78 23
78 30 98
30 79 91
79 30 38
30 80 74
80 30 24
30 81 47
81 30 61
30 82 90
82 30 74
30 83 29
83 30 17
30 84 52
84 30 52
30 85 94
85 30 37
30 86 45
86 30 35
30 87 27
87 30 98
30 88 33
88 30 96
30 89 9
89 30 86
30 90 52
90 30 27
30 91 9
91 30 84
30 92 71
92 30 71
30 93 86
93 30 14
30 94 60
94 30 3
30 95 63
95 30 41
30 96 32
96 30 71
30 97 78
97 30 59
30 98 36
98 30 61
30 99 80
99 30 40
31 33 55
33 31 44
31 34 19
34 31 97
31 35 24
35 31 17
31 36 72
36 31 66
31 37 26
37 31 36
31 38 100
38 31 63
31 39 18
39 31 60
31 40 71
40 31 56
31 41 18
41 31 59
31 42 3
42 31 36
31 43 39
43 31 70
31 44 100
44 31 80
31 45 81
45 31 22
31 46 6
46 31 25
31 47 89
47 31 21
31 48 99
48 31 57
31 49 31
49 31 63
31 50 16
50 31 30
31 51 3
51 31 11
31 52 63
52 31 33
31 53 25
53 31 86
31 54 7
54 31 98
31 55 20
55 31 12
31 56 96
56 31 59
31 57 48
57 31 48
31 58 21
58 31 82
31 59 42
59 31 66
31 60 14
60 31 59
31 61 41
61 31 88
31 62 51
62 31 52
31 63 88
63 31 31
31 64 99
64 31 30
31 65 32
65 31 68
31 66 94
66 31 21
31 67 90
67 31 40
31 68 22
68 31 39
31 69 94
69 31 9
31 70 10
70 31 38
31 71 67
71 31 82
31 72 19
72 31 76
31 73 9
73 31 4
31 74 51
74 31 56
31 75 74
75 31 80
31 76 59
76 31 16
31 77 10
77 31 61
31 78 32
78 31 68
31 79 58
79 31 9
31 80 96
80 31 89
31 81 93
81 31 96
31 82 19
82 31 54
31 83 26
83 31 95
31 84 70
84 31 51
31 85 58
85 31 98
31 86 53
86 31 69
31 87 98
87 31 55
31 88 87
88 31 47
31 89 36
89 31 6
31 90 78
90 31 8
31 91 77
91 31 48
31 92 89
92 31 15
31 93 58
93 31 18
31 94 92
94 31 24
31 95 83
95 31 10
31 96 51
96 31 10
31 97 92
97 31 32
31 98 33
98 31 49
31 99 19
99 31 7
32 34 90
34 32 83
32 35 27
35 32 21
32 36 8
36 32 28
32 37 79
37 32 80
32 38 62
38 32 95
32 39 23
39 32 94
32 40 24
40 32 21
32 41 57
41 32 5
32 42 24
42 32 6
32 43 23
43 32 83
32 44 11
44 32 100
32 45 51
45 32 8
32 46 7
46 32 27
32 47 54
47 32 37
32 48 50
48 32 27
32 49 7
49 32 98
32 50 35
50 32 7
32 51 80
51 32 60
32 52 33
52 32 47
32 53 87
53 32 66
32 54 78
54 32 75
32 55 1
55 32 92
32 56 93
56 32 86
32 57 10
57 32 37
32 58 17
58 32 7
32 59 49
59 32 77
32 60 68
60 32 78
32 61 41
61 32 100
32 62 20
62 32 39
32 63 16
63 32 59
32 64 88
64 32 3
32 65 58
65 32 41
32 66 79
66 32 48
32 67 41
67 32 87
32 68 89
68 32 55
32 69 21
69 32 90
32 70 73
70 32 16
32 71 64
71 32 99
32 72 60
72 32 82
32 73 92
73 32 99
32 74 20
74 32 69
32 75 59
75 32 28
32 76 37
76 32 56
32 77 89
77 32 76
32 78 47
78 32 72
32 79 38
79 32 21
32 80 82
80 32 82
32 81 35
81 32 39
32 82 36
82 32 18
32 83 80
83 32 31
32 84 41
84 32 69
32 85 100
85 32 26
32 86 13
86 32 30
32 87 73
87 32 67
32 88 71
88 32 87
32 89 78
89 32 37
32 90 98
90 32 35
32 91 42
91 32 14
32 92 89
92 32 74
32 93 73
93 32 46
32 94 78
94 32 31
32 95 39
95 32 48
32 96 55
96 32 20
32 97 47
97 32 81
32 98 5
98 32 90
32 99 79
99 32 34
33 35 87
35 33 22
33 36 9
36 33 80
33 37 35
37 33 42
33 38 5
38 33 63
33 39 97
39 33 4
33 40 76
40 33 83
33 41 93
41 33 81
33 42 93
42 33 24
33 43 35
43 33 65
33 44 72
44 33 30
33 45 82
45 33 47
33 46 98
46 33 72
33 47 29
47 33 75
33 48 1
48 33 94
33 49 48
49 33 95
33 50 58
50 33 6
33 51 67
51 33 43
33 52 4
52 33 20
33 53 81
53 33 13
33 54 74
54 33 1
33 55 82
55 33 21
33 56 54
56 33 16
33 57 7
57 33 98
33 58 44
58 33 0
33 59 42
59 33 1
33 60 44
60 33 22
33 61 65
61 33 73
33 62 47
62 33 0
33 63 59
63 33 71
33 64 18
64 33 40
33 65 32
65 33 75
33 66 66
66 33 63
33 67 30
67 33 85
33 68 27
68 33 9
33 69 90
69 33 21
33 70 73
70 33 1
33 71 99
71 33 83
33 72 44
72 33 58
33 73 7
73 33 67
33 74 3
74 33 51
33 75 77
75 33 7
33 76 38
76 33 93
33 77 88
77 33 68
33 78 62
78 33 4
33 79 28
79 33 39
33 80 11
80 33 68
33 81 4
81 33 65
33 82 78
82 33 49
33 83 17
83 33 32
33 84 40
84 33 94
33 85 10
85 33 51
33 86 56
86 33 1
33 87 74
87 33 98
33 88 63
88 33 70
33 89 76
89 33 26
33 90 14
90 33 86
33 91 71
91 33 46
33 92 68
92 33 15
33 93 70
93 33 24
33 94 84
94 33 58
33 95 7
95 33 42
33 96 79
96 33 58
33 97 38
97 33 10
33 98 36
98 33 59
33 99 73
99 33 27
34 36 80
36 34 72
34 37 31
37 34 60
34 38 76
38 34 17
34 39 70
39 34 3
34 40 82
40 34 89
34 41 30
41 34 89
34 42 61
42 34 59
34 43 16
43 34 97
34 44 85
44 34 32
34 45 13
45 34 6
34 46 79
46 34 42
34 47 21
47 34 71
34 48 11
48 34 33
34 49 25
49 34 86
34 50 49
50 34 89
34 51 9
51 34 67
34 52 88
52 34 20
34 53 55
53 34 81
34 54 64
54 34 36
34 55 57
55 34 81
34 56 26
56 34 12
34 57 75
57 34 39
34 58 80
58 34 18
34 59 6
59 34 57
34 60 31
60 34 87
34 61 98
61 34 84
34 62 87
62 34 89
34 63 86
63 34 94
34 64 62
64 34 74
34 65 99
65 34 45
34 66 80
66 34 24
34 67 35
67 34 44
34 68 94
68 34 5
34 69 8
69 34 38
34 70 79
70 34 15
34 71 53
71 34 85
34 72 60
72 34 51
34 73 45
73 34 10
34 74 3
74 34 68
34 75 18
75 34 39
34 76 39
76 34 95
34 77 79
77 34 52
34 78 31
78 34 4
34 79 12
79 34 32
34 80 58
80 34 23
34 81 64
81 34 35
34 82 86
82 34 44
34 83 92
83 34 57
34 84 48
84 34 79
34 85 42
85 34 20
34 86 43
86 34 88
34 87 94
87 34 62
34 88 3
88 34 46
34 89 2
89 34 91
34 90 64
90 34 80
34 91 98
91 34 7
34 92 5
92 34 63
34 93 6
93 34 59
34 94 12
94 34 58
34 95 43
95 34 52
34 96 56
96 34 84
34 97 98
97 34 91
34 98 75
98 34 38
34 99 62
99 34 54
35 37 41
37 35 80
35 38 79
38 35 91
35 39 86
39 35 92
35 40 77
40 35 34
35 41 76
41 35 86
35 42 98
42 35 91
35 43 77
43 35 84
35 44 58
44 35 34
35 45 3
45 35 12
35 46 76
46 35 91
35 47 41
47 35 91
35 48 93
48 35 39
35 49 19
49 35 71
35 50 25
50 35 63
35 51 89
51 35 11
35 52 74
52 35 57
35 53 27
53 35 1
35 54 25
54 35 76
35 55 7
55 35 58
35 56 51
56 35 43
35 57 78
57 35 81
35 58 32
58 35 96
35 59 75
59 35 36
35 60 62
60 35 82
35 61 91
61 35 48
35 62 73
62 35 59
35 63 29
63 35 93
35 64 11
64 35 96
35 65 39
65 35 88
35 66 43
66 35 97
35 67 58
67 35 51
35 68 56
68 35 7
35 69 9
69 35 1
35 70 88
70 35 91
35 71 24
71 35 87
35 72 46
72 35 61
35 73 72
73 35 16
35 74 25
74 35 31
35 75 61
75 35 26
35 76 62
76 35 72
35 77 51
77 35 50
35 78 28
78 35 64
35 79 4
79 35 77
35 80 74
80 35 81
35 81 39
81 35 38
35 82 89
82 35 5
35 83 48
83 35 51
35 84 11
84 35 8
35 85 32
85 35 38
35 86 73
86 35 12
35 87 85
87 35 33
35 88 46
88 35 61
35 89 100
89 35 71
35 90 64
90 35 56
35 91 96
91 35 24
35 92 67
92 35 25
35 93 11
93 35 43
35 94 27
94 35 68
35 95 56
95 35 78
35 96 99
96 35 51
35 97 29
97 35 74
35 98 14
98 35 6
35 99 91
99 35 12
36 38 70
38 36 31
36 39 96
39 36 41
36 40 17
40 36 21
36 41 66
41 36 42
36 42 2
42 36 23
36 43 5
43 36 97
36 44 49
44 36 29
36 45 17
45 36 80
36 46 77
46 36 9
36 47 69
47 36 4
36 48 49
48 36 94
36 49 18
49 36 66
36 50 75
50 36 56
36 51 7
51 36 54
36 52 80
52 36 47
36 53 94
53 36 24
36 54 34
54 36 50
36 55 36
55 36 94
36 56 84
56 36 49
36 57 20
57 36 63
36 58 70
58 36 13
36 59 77
59 36 98
36 60 62
60 36 32
36 61 58
61 36 13
36 62 70
62 36 10
36 63 99
63 36 15
36 64 63
64 36 25
36 65 98
65 36 14
36 66 91
66 36 61
36 67 54
67 36 72
36 68 53
68 36 32
36 69 20
69 36 95
36 70 64
70 36 41
36 71 17
71 36 93
36 72 84
72 36 38
36 73 40
73 36 74
36 74 12
74 36 1
36 75 61
75 36 49
36 76 56
76 36 74
36 77 75
77 36 53
36 78 33
78 36 56
36 79 56
79 36 47
36 80 91
80 36 91
36 81 56
81 36 60
36 82 4
82 36 40
36 83 3
83 36 21
36 84 65
84 36 31
36 85 43
85 36 85
36 86 24
86 36 18
36 87 100
87 36 89
36 88 44
88 36 13
36 89 3
89 36 39
36 90 68
90 36 37
36 91 34
91 36 60
36 92 50
92 36 27
36 93 80
93 36 84
36 94 21
94 36 72
36 95 58
95 36 18
36 96 57
96 36 57
36 97 50
97 36 43
36 98 14
98 36 61
36 99 8
99 36 66
37 39 43
39 37 81
37 40 57
40 37 19
37 41 40
41 37 6
37 42 41
42 37 11
37 43 12
43 37 50
37 44 99
44 37 56
37 45 51
45 37 31
37 46 5
46 37 0
37 47 46
47 37 3
37 48 51
48 37 59
37 49 58
49 37 58
37 50 40
50 37 93
37 51 22
51 37 86
37 52 59
52 37 81
37 53 99
53 37 15
37 54 29
54 37 34
37 55 42
55 37 39
37 56 0
56 37 62
37 57 19
57 37 63
37 58 49
58 37 59
37 59 41
59 37 10
37 60 32
60 37 33
37 61 77
61 37 24
37 62 53
62 37 75
37 63 18
63 37 42
37 64 89
64 37 76
37 65 32
65 37 82
37 66 62
66 37 97
37 67 41
67 37 72
37 68 68
68 37 73
37 69 53
69 37 70
37 70 0
70 37 61
37 71 38
71 37 93
37 72 10
72 37 12
37 73 93
73 37 10
37 74 95
74 37 10
37 75 25
75 37 1
37 76 74
76 37 48
37 77 10
77 37 60
37 78 55
78 37 81
37 79 94
79 37 76
37 80 7
80 37 84
37 81 24
81 37 94
37 82 67
82 37 9
37 83 73
83 37 96
37 84 47
84 37 44
37 85 40
85 37 11
37 86 23
86 37 74
37 87 10
87 37 41
37 88 14
88 37 9
37 89 95
89 37 91
37 90 79
90 37 90
37 91 97
91 37 73
37 92 34
92 37 7
37 93 72
93 37 75
37 94 42
94 37 96
37 95 29
95 37 49
37 96 16
96 37 2
37 97 46
97 37 15
37 98 79
98 37 38
37 99 88
99 37 51
38 40 23
40 38 24
38 41 6
41 38 86
38 42 71
42 38 78
38 43 98
43 38 16
38 44 51
44 38 26
38 45 61
45 38 31
38 46 82
46 38 46
38 47 91
47 38 32
38 48 46
48 38 89
38 49 22
49 38 98
38 50 29
50 38 4
38 51 98
51 38 44
38 52 26
52 38 62
38 53 6
53 38 54
38 54 85
54 38 32
38 55 69
55 38 93
38 56 68
56 38 45
38 57 46
57 38 11
38 58 24
58 38 93
38 59 28
59 38 22
38 60 87
60 38 93
38 61 1
61 38 47
38 62 16
62 38 75
38 63 5
63 38 77
38 64 25
64 38 21
38 65 2
65 38 63
38 66 17
66 38 56
38 67 36
67 38 9
38 68 46
68 38 11
38 69 62
69 38 94
38 70 8
70 38 65
38 71 83
71 38 12
38 72 48
72 38 23
38 73 6
73 38 30
38 74 52
74 38 50
38 75 57
75 38 26
38 76 35
76 38 38
38 77 72
77 38 92
38 78 58
78 38 72
38 79 25
79 38 43
38 80 71
80 38 52
38 81 46
81 38 91
38 82 45
82 38 46
38 83 90
83 38 59
38 84 42
84 38 90
38 85 78
85 38 98
38 86 21
86 38 42
38 87 94
87 38 44
38 88 24
88 38 33
38 89 36
89 38 24
38 90 81
90 38 20
38 91 81
91 38 7
38 92 48
92 38 3
38 93 70
93 38 29
38 94 95
94 38 45
38 95 65
95 38 79
38 96 92
96 38 30
38 97 83
97 38 60
38 98 47
98 38 29
38 99 83
99 38 24
39 41 51
41 39 7
39 42 25
42 39 17
39 43 76
43 39 34
39 44 29
44 39 41
39 45 78
45 39 44
39 46 81
46 39 48
39 47 58
47 39 44
39 48 22
48 39 12
39 49 38
49 39 61
39 50 44
50 39 1
39 51 18
51 39 72
39 52 82
52 39 29
39 53 55
53 39 46
39 54 78
54 39 47
39 55 67
55 39 41
39 56 2
56 39 89
39 57 38
57 39 14
39 58 26
58 39 62
39 59 93
59 39 61
39 60 16
60 39 54
39 61 44
61 39 15
39 62 29
62 39 40
39 63 13
63 39 20
39 64 53
64 39 99
39 65 44
65 39 1
39 66 39
66 39 25
39 67 29
67 39 65
39 68 67
68 39 67
39 69 92
69 39 77
39 70 86
70 39 5
39 71 9
71 39 90
39 72 69
72 39 49
39 73 24
73 39 2
39 74 54
74 39 30
39 75 53
75 39 44
39 76 82
76 39 21
39 77 37
77 39 4
39 78 31
78 39 27
39 79 83
79 39 38
39 80 62
80 39 14
39 81 12
81 39 22
39 82 91
82 39 77
39 83 61
83 39 29
39 84 98
84 39 78
39 85 43
85 39 94
39 86 82
86 39 8
39 87 5
87 39 9
39 88 65
88 39 35
39 89 3
89 39 26
39 90 66
90 39 13
39 91 62
91 39 49
39 92 70
92 39 1
39 93 33
93 39 76
39 94 81
94 39 50
39 95 63
95 39 41
39 96 50
96 39 71
39 97 46
97 39 40
39 98 15
98 39 5
39 99 35
99 39 56
40 42 65
42 40 45
40 43 10
43 40 100
40 44 28
44 40 65
40 45 44
45 40 49
40 46 42
46 40 57
40 47 71
47 40 22
40 48 7
48 40 39
40 49 13
49 40 5
40 50 1
50 40 83
40 51 6
51 40 60
40 52 45
52 40 3
40 53 73
53 40 49
40 54 60
54 40 53
40 55 97
55 40 16
40 56 61
56 40 60
40 57 4
57 40 87
40 58 44
58 40 48
40 59 73
59 40 24
40 60 59
60 40 73
40 61 82
61 40 20
40 62 70
62 40 65
40 63 80
63 40 82
40 64 89
64 40 98
40 65 30
65 40 51
40 66 83
66 40 56
40 67 29
67 40 1
40 68 65
68 40 27
40 69 58
69 40 30
40 70 54
70 40 57
40 71 55
71 40 1
40 72 49
72 40 14
40 73 16
73 40 42
40 74 71
74 40 86
40 75 15
75 40 1
40 76 84
76 40 95
40 77 56
77 40 85
40 78 62
78 40 32
40 79 71
79 40 94
40 80 71
80 40 38
40 81 80
81 40 78
40 82 25
82 40 60
40 83 67
83 40 22
40 84 58
84 40 10
40 85 33
85 40 100
40 86 100
86 40 75
40 87 48
87 40 59
40 88 92
88 40 44
40 89 28
89 40 4
40 90 17
90 40 55
40 91 64
91 40 28
40 92 67
92 40 64
40 93 49
93 40 17
40 94 24
94 40 59
40 95 58
95 40 53
40 96 23
96 40 36
40 97 59
97 40 39
40 98 86
98 40 42
40 99 94
99 40 12
41 43 79
43 41 82
41 44 4
44 41 46
41 45 69
45 41 36
41 46 83
46 41 93
41 47 51
47 41 14
41 48 71
48 41 20
41 49 34
49 41 33
41 50 79
50 41 29
41 51 84
51 41 63
41 52 89
52 41 70
41 53 44
53 41 66
41 54 28
54 41 71
41 55 21
55 41 8
41 56 62
56 41 92
41 57 35
57 41 52
41 58 57
58 41 35
41 59 92
59 41 60
41 60 66
60 41 100
41 61 49
61 41 13
41 62 9
62 41 58
41 63 20
63 41 19
41 64 26
64 41 73
41 65 33
65 41 8
41 66 7
66 41 23
41 67 40
67 41 98
41 68 57
68 41 39
41 69 41
69 41 37
41 70 94
70 41 2
41 71 64
71 41 39
41 72 72
72 41 21
41 73 33
73 41 8
41 74 70
74 41 15
41 75 4
75 41 26
41 76 35
76 41 55
41 77 45
77 41 98
41 78 72
78 41 23
41 79 100
79 41 88
41 80 26
80 41 63
41 81 71
81 41 7
41 82 56
82 41 93
41 83 44
83 41 34
41 84 28
84 41 33
41 85 75
85 41 31
41 86 78
86 41 22
41 87 14
87 41 93
41 88 79
88 41 43
41 89 51
89 41 54
41 90 16
90 41 37
41 91 79
91 41 34
41 92 30
92 41 84
41 93 15
93 41 66
41 94 41
94 41 72
41 95 41
95 41 90
41 96 28
96 41 54
41 97 13
97 41 99
41 98 70
98 41 64
41 99 34
99 41 77
42 44 33
44 42 25
42 45 8
45 42 65
42 46 37
46 42 14
42 47 94
47 42 77
42 48 75
48 42 84
42 49 34
49 42 72
42 50 46
50 42 46
42 51 99
51 42 19
42 52 2
52 42 79
42 53 61
53 42 23
42 54 88
54 42 52
42 55 15
55 42 47
42 56 52
56 42 30
42 57 73
57 42 77
42 58 88
58 42 32
42 59 84
59 42 7
42 60 97
60 42 13
42 61 63
61 42 95
42 62 80
62 42 11
42 63 100
63 42 28
42 64 63
64 42 16
42 65 43
65 42 18
42 66 31
66 42 99
42 67 74
67 42 38
42 68 28
68 42 25
42 69 4
69 42 77
42 70 7
70 42 59
42 71 68
71 42 24
42 72 61
72 42 30
42 73 3
73 42 95
42 74 78
74 42 16
42 75 84
75 42 47
42 76 51
76 42 76
42 77 70
77 42 26
42 78 63
78 42 72
42 79 22
79 42 61
42 80 5
80 42 40
42 81 98
81 42 6
42 82 68
82 42 91
42 83 47
83 42 33
42 84 48
84 42 87
42 85 88
85 42 26
42 86 10
86 42 3
42 87 100
87 42 23
42 88 80
88 42 28
42 89 9
89 42 15
42 90 45
90 42 11
42 91 18
91 42 11
42 92 21
92 42 23
42 93 1
93 42 77
42 94 6
94 42 27
42 95 48
95 42 37
42 96 70
96 42 54
42 97 12
97 42 65
42 98 59
98 42 51
42 99 58
99 42 67
43 45 61
45 43 82
43 46 23
46 43 2
43 47 83
47 43 11
43 48 90
48 43 17
43 49 98
49 43 99
43 50 57
50 43 9
43 51 69
51 43 16
43 52 47
52 43 95
43 53 17
53 43 76
43 54 71
54 43 52
43 55 66
55 43 75
43 56 42
56 43 78
43 57 7
57 43 96
43 58 100
58 43 3
43 59 56
59 43 38
43 60 9
60 43 63
43 61 96
61 43 64
43 62 4
62 43 87
43 63 36
63 43 12
43 64 40
64 43 13
43 65 20
65 43 72
43 66 31
66 43 42
43 67 14
67 43 83
43 68 86
68 43 89
43 69 59
69 43 53
43 70 78
70 43 12
43 71 55
71 43 68
43 72 43
72 43 7
43 73 77
73 43 66
43 74 33
74 43 96
43 75 59
75 43 39
43 76 45
76 43 61
43 77 34
77 43 53
43 78 66
78 43 99
43 79 65
79 43 46
43 80 6
80 43 29
43 81 6
81 43 19
43 82 82
82 43 10
43 83 44
83 43 36
43 84 23
84 43 98
43 85 55
85 43 5
43 86 91
86 43 80
43 87 38
87 43 70
43 88 73
88 43 70
43 89 86
89 43 78
43 90 97
90 43 29
43 91 59
91 43 66
43 92 1
92 43 66
43 93 73
93 43 82
43 94 73
94 43 13
43 95 30
95 43 75
43 96 15
96 43 48
43 97 73
97 43 59
43 98 15
98 43 90
43 99 31
99 43 71
44 46 18
46 44 18
44 47 38
47 44 55
44 48 91
48 44 40
44 49 91
49 44 16
44 50 32
50 44 17
44 51 6
51 44 55
44 52 75
52 44 85
44 53 20
53 44 18
44 54 26
54 44 59
44 55 57
55 44 41
44 56 30
56 44 37
44 57 51
57 44 99
44 58 59
58 44 18
44 59 56
59 44 22
44 60 49
60 44 13
44 61 17
61 44 46
44 62 7
62 44 7
44 63 70
63 44 89
44 64 86
64 44 53
44 65 64
65 44 88
44 66 46
66 44 81
44 67 4
67 44 97
44 68 75
68 44 45
44 69 94
69 44 85
44 70 5
70 44 64
44 71 76
71 44 6
44 72 20
72 44 66
44 73 72
73 44 97
44 74 94
74 44 56
44 75 100
75 44 17
44 76 21
76 44 83
44 77 14
77 44 10
44 78 5
78 44 3
44 79 92
79 44 11
44 80 6
80 44 24
44 81 45
81 44 16
44 82 38
82 44 41
44 83 41
83 44 12
44 84 29
84 44 97
44 85 73
85 44 96
44 86 74
86 44 3
44 87 54
87 44 83
44 88 68
88 44 49
44 89 3
89 44 26
44 90 100
90 44 36
44 91 36
91 44 86
44 92 56
92 44 71
44 93 59
93 44 35
44 94 50
94 44 9
44 95 64
95 44 89
44 96 35
96 44 84
44 97 34
97 44 41
44 98 32
98 44 8
44 99 85
99 44 69
45 47 96
47 45 47
45 48 22
48 45 79
45 49 86
49 45 85
45 50 93
50 45 44
45 51 51
51 45 35
45 52 82
52 45 52
45 53 17
53 45 43
45 54 83
54 45 65
45 55 28
55 45 53
45 56 43
56 45 23
45 57 17
57 45 95
45 58 67
58 45 54
45 59 25
59 45 100
45 60 57
60 45 64
45 61 15
61 45 73
45 62 55
62 45 93
45 63 44
63 45 67
45 64 18
64 45 24
45 65 92
65 45 51
45 66 12
66 45 1
45 67 70
67 45 46
45 68 20
68 45 43
45 69 33
69 45 74
45 70 92
70 45 77
45 71 79
71 45 93
45 72 90
72 45 54
45 73 96
73 45 83
45 74 76
74 45 50
45 75 12
75 45 51
45 76 81
76 45 52
45 77 82
77 45 14
45 78 21
78 45 95
45 79 74
79 45 63
45 80 69
80 45 81
45 81 8
81 45 42
45 82 3
82 45 72
45 83 60
83 45 45
45 84 34
84 45 61
45 85 92
85 45 53
45 86 57
86 45 46
45 87 99
87 45 84
45 88 20
88 45 0
45 89 89
89 45 12
45 90 55
90 45 10
45 91 31
91 45 11
45 92 88
92 45 60
45 93 8
93 45 29
45 94 50
94 45 41
45 95 7
95 45 66
45 96 17
96 45 91
45 97 94
97 45 33
45 98 73
98 45 83
45 99 97
99 45 24
46 48 49
48 46 5
46 49 12
49 46 74
46 50 41
50 46 90
46 51 92
51 46 61
46 52 45
52 46 6
46 53 16
53 46 37
46 54 39
54 46 88
46 55 62
55 46 85
46 56 73
56 46 5
46 57 39
57 46 70
46 58 96
58 46 27
46 59 8
59 46 23
46 60 95
60 46 23
46 61 73
61 46 6
46 62 41
62 46 91
46 63 93
63 46 43
46 64 57
64 46 32
46 65 100
65 46 15
46 66 48
66 46 9
46 67 91
67 46 56
46 68 93
68 46 20
46 69 66
69 46 26
46 70 41
70 46 44
46 71 15
71 46 2
46 72 0
72 46 95
46 73 26
73 46 87
46 74 96
74 46 15
46 75 95
75 46 81
46 76 22
76 46 36
46 77 45
77 46 35
46 78 11
78 46 39
46 79 47
79 46 44
46 80 68
80 46 64
46 81 48
81 46 20
46 82 45
82 46 79
46 83 97
83 46 41
46 84 28
84 46 50
46 85 67
85 46 57
46 86 46
86 46 29
46 87 12
87 46 5
46 88 5
88 46 67
46 89 61
89 46 47
46 90 11
90 46 74
46 91 50
91 46 43
46 92 16
92 46 79
46 93 8
93 46 44
46 94 30
94 46 95
46 95 30
95 46 73
46 96 79
96 46 87
46 97 14
97 46 81
46 98 57
98 46 4
46 99 56
99 46 71
47 49 90
49 47 98
47 50 65
50 47 44
47 51 41
51 47 47
47 52 8
52 47 95
47 53 47
53 47 59
47 54 65
54 47 40
47 55 47
55 47 72
47 56 17
56 47 86
47 57 8
57 47 20
47 58 32
58 47 34
47 59 2
59 47 23
47 60 14
60 47 21
47 61 69
61 47 9
47 62 20
62 47 99
47 63 66
63 47 42
47 64 64
64 47 83
47 65 53
65 47 57
47 66 70
66 47 51
47 67 59
67 47 79
47 68 7
68 47 40
47 69 25
69 47 25
47 70 33
70 47 66
47 71 21
71 47 83
47 72 47
72 47 63
47 73 3
73 47 14
47 74 36
74 47 33
47 75 65
75 47 96
47 76 22
76 47 46
47 77 25
77 47 5
47 78 14
78 47 0
47 79 33
79 47 97
47 80 80
80 47 96
47 81 64
81 47 91
47 82 66
82 47 42
47 83 55
83 47 32
47 84 86
84 47 22
47 85 39
85 47 70
47 86 52
86 47 54
47 87 97
87 47 47
47 88 44
88 47 80
47 89 74
89 47 59
47 90 11
90 47 95
47 91 81
91 47 21
47 92 19
92 47 84
47 93 8
93 47 31
47 94 39
94 47 81
47 95 100
95 47 68
47 96 95
96 47 81
47 97 55
97 47 14
47 98 98
98 47 30
47 99 77
99 47 17
48 50 12
50 48 48
48 51 29
51 48 71
48 52 16
52 48 39
48 53 85
53 48 9
48 54 52
54 48 28
48 55 22
55 48 64
48 56 87
56 48 64
48 57 27
57 48 8
48 58 84
58 48 5
48 59 9
59 48 12
48 60 7
60 48 17
48 61 3
61 48 65
48 62 22
62 48 48
48 63 66
63 48 54
48 64 62
64 48 54
48 65 89
65 48 92
48 66 8
66 48 66
48 67 33
67 48 46
48 68 33
68 48 17
48 69 88
69 48 88
48 70 88
70 48 30
48 71 66
71 48 20
48 72 85
72 48 55
48 73 27
73 48 5
48 74 11
74 48 73
48 75 79
75 48 1
48 76 15
76 48 33
48 77 92
77 48 83
48 78 48
78 48 66
48 79 92
79 48 67
48 80 78
80 48 50
48 81 61
81 48 52
48 82 57
82 48 74
48 83 39
83 48 16
48 84 93
84 48 20
48 85 57
85 48 83
48 86 33
86 48 43
48 87 13
87 48 73
48 88 95
88 48 30
48 89 68
89 48 78
48 90 72
90 48 31
48 91 46
91 48 41
48 92 65
92 48 0
48 93 74
93 48 48
48 94 12
94 48 57
48 95 46
95 48 61
48 96 3
96 48 83
48 97 92
97 48 28
48 98 45
98 48 32
48 99 27
99 48 39
49 51 84
51 49 30
49 52 98
52 49 68
49 53 22
53 49 58
49 54 96
54 49 73
49 55 83
55 49 83
49 56 73
56 49 3
49 57 21
57 49 75
49 58 83
58 49 72
49 59 93
59 49 48
49 60 3
60 49 3
49 61 89
61 49 87
49 62 31
62 49 68
49 63 90
63 49 98
49 64 10
64 49 62
49 65 41
65 49 12
49 66 52
66 49 54
49 67 49
67 49 9
49 68 91
68 49 55
49 69 68
69 49 99
49 70 19
70 49 62
49 71 29
71 49 75
49 72 65
72 49 97
49 73 7
73 49 91
49 74 42
74 49 76
49 75 32
75 49 98
49 76 48
76 49 58
49 77 41
77 49 8
49 78 27
78 49 33
49 79 11
79 49 68
49 80 47
80 49 74
49 81 97
81 49 98
49 82 80
82 49 49
49 83 61
83 49 39
49 84 60
84 49 85
49 85 81
85 49 24
49 86 99
86 49 52
49 87 31
87 49 2
49 88 63
88 49 52
49 89 55
89 49 17
49 90 85
90 49 33
49 91 16
91 49 89
49 92 98
92 49 5
49 93 66
93 49 45
49 94 62
94 49 100
49 95 68
95 49 78
49 96 24
96 49 69
49 97 58
97 49 33
49 98 11
98 49 46
49 99 93
99 49 28
50 52 15
52 50 52
50 53 65
53 50 90
50 54 27
54 50 78
50 55 50
55 50 80
50 56 92
56 50 32
50 57 94
57 50 87
50 58 41
58 50 72
50 59 55
59 50 31
50 60 32
60 50 64
50 61 18
61 50 46
50 62 28
62 50 55
50 63 21
63 50 10
50 64 67
64 50 14
50 65 56
65 50 19
50 66 5
66 50 54
50 67 93
67 50 18
50 68 62
68 50 39
50 69 62
69 50 40
50 70 3
70 50 74
50 71 15
71 50 32
50 72 54
72 50 96
50 73 67
73 50 49
50 74 19
74 50 91
50 75 81
75 50 12
50 76 66
76 50 85
50 77 18
77 50 90
50 78 4
78 50 88
50 79 61
79 50 48
50 80 84
80 50 98
50 81 0
81 50 2
50 82 62
82 50 38
50 83 51
83 50 26
50 84 67
84 50 48
50 85 37
85 50 24
50 86 61
86 50 43
50 87 25
87 50 14
50 88 7
88 50 42
50 89 86
89 50 46
50 90 51
90 50 9
50 91 69
91 50 23
50 92 2
92 50 31
50 93 68
93 50 86
50 94 13
94 50 17
50 95 88
95 50 81
50 96 28
96 50 42
50 97 80
97 50 70
50 98 51
98 50 52
50 99 79
99 50 34
51 53 51
53 51 75
51 54 11
54 51 59
51 55 89
55 51 19
51 56 74
56 51 8
51 57 30
57 51 74
51 58 25
58 51 15
51 59 48
59 51 38
51 60 13
60 51 79
51 61 25
61 51 61
51 62 18
62 51 76
51 63 17
63 51 85
51 64 6
64 51 60
51 65 11
65 51 55
51 66 64
66 51 0
51 67 3
67 51 46
51 68 58
68 51 90
51 69 60
69 51 88
51 70 50
70 51 9
51 71 41
71 51 50
51 72 78
72 51 53
51 73 53
73 51 97
51 74 48
74 51 38
51 75 78
75 51 19
51 76 89
76 51 23
51 77 90
77 51 88
51 78 80
78 51 43
51 79 17
79 51 79
51 80 73
80 51 50
51 81 70
81 51 1
51 82 4
82 51 79
51 83 48
83 51 4
51 84 2
84 51 8
51 85 76
85 51 82
51 86 79
86 51 54
51 87 19
87 51 25
51 88 86
88 51 24
51 89 24
89 51 57
51 90 54
90 51 39
51 91 31
91 51 29
51 92 69
92 51 28
51 93 99
93 51 74
51 94 85
94 51 6
51 95 12
95 51 97
51 96 71
96 51 38
51 97 92
97 51 36
51 98 93
98 51 72
51 99 71
99 51 14
52 54 6
54 52 14
52 55 20
55 52 54
52 56 77
56 52 96
52 57 49
57 52 54
52 58 69
58 52 38
52 59 63
59 52 78
52 60 83
60 52 64
52 61 10
61 52 72
52 62 24
62 52 23
52 63 99
63 52 58
52 64 80
64 52 69
52 65 22
65 52 14
52 66 7
66 52 34
52 67 30
67 52 50
52 68 68
68 52 37
52 69 83
69 52 41
52 70 44
70 52 66
52 71 94
71 52 28
52 72 31
72 52 97
52 73 60
73 52 5
52 74 72
74 52 61
52 75 1
75 52 93
52 76 35
76 52 27
52 77 18
77 52 4
52 78 62
78 52 99
52 79 59
79 52 33
52 80 29
80 52 55
52 81 10
81 52 100
52 82 14
82 52 16
52 83 97
83 52 88
52 84 56
84 52 18
52 85 17
85 52 41
52 86 81
86 52 51
52 87 52
87 52 7
52 88 84
88 52 6
52 89 32
89 52 97
52 90 20
90 52 6
52 91 15
91 52 76
52 92 39
92 52 37
52 93 26
93 52 91
52 94 62
94 52 74
52 95 30
95 52 73
52 96 61
96 52 76
52 97 88
97 52 11
52 98 8
98 52 4
52 99 36
99 52 31
53 55 17
55 53 57
53 56 59
56 53 15
53 57 84
57 53 16
53 58 24
58 53 44
53 59 10
59 53 78
53 60 48
60 53 66
53 61 12
61 53 41
53 62 27
62 53 81
53 63 37
63 53 23
53 64 66
64 53 64
53 65 69
65 53 86
53 66 87
66 53 17
53 67 12
67 53 97
53 68 35
68 53 4
53 69 61
69 53 62
53 70 44
70 53 63
53 71 32
71 53 80
53 72 18
72 53 73
53 73 55
73 53 16
53 74 97
74 53 48
53 75 70
75 53 76
53 76 90
76 53 98
53 77 24
77 53 49
53 78 46
78 53 56
53 79 2
79 53 4
53 80 84
80 53 48
53 81 61
81 53 31
53 82 86
82 53 84
53 83 57
83 53 33
53 84 7
84 53 69
53 85 59
85 53 33
53 86 19
86 53 14
53 87 3
87 53 80
53 88 42
88 53 49
53 89 67
89 53 52
53 90 30
90 53 21
53 91 70
91 53 38
53 92 34
92 53 79
53 93 77
93 53 89
53 94 75
94 53 85
53 95 89
95 53 53
53 96 92
96 53 59
53 97 7
97 53 2
53 98 7
98 53 9
53 99 88
99 53 18
54 56 68
56 54 13
54 57 15
57 54 56
54 58 35
58 54 38
54 59 4
59 54 66
54 60 36
60 54 87
54 61 80
61 54 98
54 62 79
62 54 78
54 63 24
63 54 37
54 64 84
64 54 2
54 65 58
65 54 83
54 66 36
66 54 24
54 67 96
67 54 22
54 68 82
68 54 37
54 69 67
69 54 32
54 70 19
70 54 33
54 71 20
71 54 3
54 72 86
72 54 17
54 73 30
73 54 41
54 74 84
74 54 53
54 75 54
75 54 38
54 76 23
76 54 62
54 77 62
77 54 63
54 78 84
78 54 23
54 79 88
79 54 35
54 80 74
80 54 92
54 81 82
81 54 14
54 82 1
82 54 87
54 83 18
83 54 59
54 84 28
84 54 29
54 85 57
85 54 2
54 86 4
86 54 20
54 87 95
87 54 96
54 88 56
88 54 84
54 89 65
89 54 23
54 90 41
90 54 1
54 91 77
91 54 51
54 92 41
92 54 10
54 93 61
93 54 56
54 94 93
94 54 61
54 95 37
95 54 86
54 96 11
96 54 78
54 97 42
97 54 84
54 98 82
98 54 80
54 99 32
99 54 99
55 57 93
57 55 94
55 58 77
58 55 60
55 59 87
59 55 96
55 60 60
60 55 73
55 61 4
61 55 11
55 62 25
62 55 18
55 63 68
63 55 22
55 64 15
64 55 81
55 65 9
65 55 89
55 66 2
66 55 84
55 67 56
67 55 96
55 68 68
68 55 100
55 69 79
69 55 28
55 70 71
70 55 90
55 71 17
71 55 82
55 72 2
72 55 79
55 73 73
73 55 7
55 74 21
74 55 91
55 75 75
75 55 18
55 76 55
76 55 58
55 77 60
77 55 43
55 78 55
78 55 22
55 79 70
79 55 33
55 80 57
80 55 44
55 81 5
81 55 35
55 82 94
82 55 50
55 83 94
83 55 3
55 84 24
84 55 77
55 85 80
85 55 59
55 86 51
86 55 8
55 87 85
87 55 35
55 88 81
88 55 24
55 89 66
89 55 79
55 90 24
90 55 58
55 91 41
91 55 42
55 92 42
92 55 7
55 93 1
93 55 4
55 94 21
94 55 89
55 95 78
95 55 82
55 96 42
96 55 46
55 97 21
97 55 36
55 98 72
98 55 28
55 99 33
99 55 53
56 58 5
58 56 21
56 59 20
59 56 22
56 60 0
60 56 68
56 61 80
61 56 44
56 62 22
62 56 69
56 63 3
63 56 30
56 64 87
64 56 25
56 65 99
65 56 4
56 66 36
66 56 61
56 67 46
67 56 39
56 68 75
68 56 91
56 69 74
69 56 21
56 70 30
70 56 49
56 71 14
71 56 36
56 72 32
72 56 29
56 73 77
73 56 40
56 74 28
74 56 40
56 75 57
75 56 47
56 76 33
76 56 84
56 77 46
77 56 34
56 78 61
78 56 26
56 79 98
79 56 24
56 80 76
80 56 84
56 81 67
81 56 16
56 82 61
82 56 87
56 83 55
83 56 80
56 84 29
84 56 97
56 85 18
85 56 13
56 86 28
86 56 76
56 87 53
87 56 65
56 88 83
88 56 15
56 89 78
89 56 17
56 90 57
90 56 84
56 91 42
91 56 53
56 92 17
92 56 14
56 93 38
93 56 94
56 94 52
94 56 53
56 95 66
95 56 7
56 96 35
96 56 18
56 97 49
97 56 79
56 98 48
98 56 58
56 99 75
99 56 67
57 59 80
59 57 11
57 60 66
60 57 26
57 61 51
61 57 1
57 62 13
62 57 50
57 63 44
63 57 69
57 64 85
64 57 21
57 65 92
65 57 65
57 66 82
66 57 96
57 67 73
67 57 9
57 68 7
68 57 35
57 69 59
69 57 39
57 70 21
70 57 76
57 71 58
71 57 19
57 72 37
72 57 34
57 73 95
73 57 12
57 74 50
74 57 66
57 75 6
75 57 88
57 76 50
76 57 42
57 77 84
77 57 80
57 78 66
78 57 52
57 79 12
79 57 79
57 80 14
80 57 55
57 81 88
81 57 0
57 82 44
82 57 44
57 83 12
83 57 89
57 84 47
84 57 58
57 85 31
85 57 6
57 86 26
86 57 39
57 87 78
87 57 75
57 88 96
88 57 82
57 89 45
89 57 9
57 90 10
90 57 64
57 91 94
91 57 80
57 92 68
92 57 98
57 93 84
93 57 80
57 94 78
94 57 36
57 95 56
95 57 39
57 96 13
96 57 84
57 97 92
97 57 55
57 98 63
98 57 39
57 99 28
99 57 39
58 60 95
60 58 59
58 62 51
62 58 21
58 63 74
63 58 66
58 64 99
64 58 75
58 65 92
65 58 58
58 66 30
66 58 73
58 67 34
67 58 47
58 68 17
68 58 50
58 69 71
69 58 19
58 70 2
70 58 97
58 71 1
71 58 9
58 72 37
72 58 65
58 73 31
73 58 53
58 74 9
74 58 88
58 75 7
75 58 69
58 76 23
76 58 60
58 77 51
77 58 31
58 78 35
78 58 41
58 79 82
79 58 41
58 80 89
80 58 10
58 81 88
81 58 60
58 82 55
82 58 7
58 83 56
83 58 75
58 84 23
84 58 27
58 85 84
85 58 61
58 86 95
86 58 36
58 87 91
87 58 48
58 88 74
88 58 95
58 89 48
89 58 75
58 90 29
90 58 81
58 91 87
91 58 55
58 92 10
92 58 46
58 93 9
93 58 98
58 94 91
94 58 44
58 95 3
95 58 44
58 96 53
96 58 62
58 97 90
97 58 58
58 98 6
98 58 12
58 99 86
99 58 88
59 61 50
61 59 30
59 62 90
62 59 57
59 63 14
63 59 70
59 64 57
64 59 96
59 65 39
65 59 30
59 66 48
66 59 79
59 67 1
67 59 4
59 68 27
68 59 24
59 69 52
69 59 91
59 70 78
70 59 52
59 71 40
71 59 10
59 72 79
72 59 29
59 73 67
73 59 71
59 74 54
74 59 66
59 75 47
75 59 32
59 76 96
76 59 20
59 77 23
77 59 30
59 78 40
78 59 50
59 79 44
79 59 46
59 80 62
80 59 80
59 81 47
81 59 26
59 82 80
82 59 42
59 83 12
83 59 95
59 84 59
84 59 85
59 85 58
85 59 100
59 86 49
86 59 98
59 87 58
87 59 58
59 88 28
88 59 27
59 89 13
89 59 91
59 90 21
90 59 16
59 91 73
91 59 43
59 92 1
92 59 64
59 93 60
93 59 28
59 94 55
94 59 26
59 95 24
95 59 94
59 96 24
96 59 38
59 97 91
97 59 42
59 98 10
98 59 22
59 99 60
99 59 35
60 61 64
61 60 26
60 63 1
63 60 50
60 64 30
64 60 14
60 65 69
65 60 36
60 66 77
66 60 33
60 67 56
67 60 35
60 68 76
68 60 38
60 69 98
69 60 42
60 70 84
70 60 28
60 71 87
71 60 9
60 72 73
72 60 47
60 73 29
73 60 43
60 74 94
74 60 74
60 75 37
75 60 54
60 76 62
76 60 2
60 77 29
77 60 53
60 78 32
78 60 99
60 79 25
79 60 67
60 80 73
80 60 48
60 81 69
81 60 67
60 82 4
82 60 29
60 83 68
83 60 55
60 84 76
84 60 61
60 85 14
85 60 55
60 86 66
86 60 87
60 87 69
87 60 22
60 88 72
88 60 56
60 89 89
89 60 55
60 90 28
90 60 21
60 91 38
91 60 100
60 92 28
92 60 27
60 93 70
93 60 36
60 94 68
94 60 45
60 95 90
95 60 74
60 96 95
96 60 42
60 97 76
97 60 8
60 98 86
98 60 38
60 99 53
99 60 13
61 63 77
63 61 20
61 64 25
64 61 82
61 65 32
65 61 33
61 66 35
66 61 91
61 67 51
67 61 90
61 68 25
68 61 56
61 69 29
69 61 98
61 70 58
70 61 26
61 71 0
71 61 74
61 72 76
72 61 23
61 73 96
73 61 43
61 74 31
74 61 83
61 75 7
75 61 62
61 76 57
76 61 89
61 77 71
77 61 78
61 78 26
78 61 34
61 79 83
79 61 95
61 80 43
80 61 99
61 81 68
81 61 74
61 82 36
82 61 33
61 83 46
83 61 83
61 84 68
84 61 86
61 85 34
85 61 28
61 86 85
86 61 19
61 87 63
87 61 57
61 88 15
88 61 96
61 89 35
89 61 26
61 90 79
90 61 46
61 91 26
91 61 77
61 92 24
92 61 16
61 93 69
93 61 98
61 94 52
94 61 63
61 95 47
95 61 25
61 96 63
96 61 3
61 97 4
97 61 48
61 98 22
98 61 26
61 99 1
99 61 91
62 64 78
64 62 63
62 65 78
65 62 68
62 66 74
66 62 38
62 67 20
67 62 25
62 68 27
68 62 16
62 69 14
69 62 31
62 70 11
70 62 25
62 71 25
71 62 31
62 72 81
72 62 81
62 73 22
73 62 4
62 74 22
74 62 76
62 75 68
75 62 88
62 76 56
76 62 22
62 77 8
77 62 10
62 78 52
78 62 10
62 79 90
79 62 19
62 80 40
80 62 2
62 81 17
81 62 86
62 82 14
82 62 8
62 83 34
83 62 89
62 84 29
84 62 95
62 85 50
85 62 29
62 86 21
86 62 56
62 87 68
87 62 14
62 88 16
88 62 59
62 89 90
89 62 18
62 90 88
90 62 21
62 91 56
91 62 69
62 92 75
92 62 95
62 93 97
93 62 20
62 94 68
94 62 7
62 95 91
95 62 91
62 96 41
96 62 32
62 97 28
97 62 89
62 98 65
98 62 4
62 99 2
99 62 8
63 65 23
65 63 84
63 66 48
66 63 47
63 67 96
67 63 50
63 68 10
68 63 47
63 69 78
69 63 78
63 70 96
70 63 5
63 71 4
71 63 4
63 72 12
72 63 7
63 73 79
73 63 94
63 74 15
74 63 96
63 75 63
75 63 74
63 76 29
76 63 17
63 77 75
77 63 88
63 78 77
78 63 85
63 79 39
79 63 24
63 80 14
80 63 43
63 81 91
81 63 23
63 82 94
82 63 61
63 83 17
83 63 73
63 84 52
84 63 69
63 85 2
85 63 56
63 86 15
86 63 43
63 87 12
87 63 75
63 88 3
88 63 65
63 89 77
89 63 84
63 90 31
90 63 81
63 91 91
91 63 77
63 92 83
92 63 71
63 93 46
93 63 79
63 94 30
94 63 44
63 95 79
95 63 38
63 96 45
96 63 96
63 97 68
97 63 85
63 98 75
98 63 96
63 99 48
99 63 33
64 66 17
66 64 56
64 67 58
67 64 20
64 68 65
68 64 67
64 69 48
69 64 79
64 70 89
70 64 61
64 71 81
71 64 39
64 72 81
72 64 75
64 73 62
73 64 2
64 74 77
74 64 86
64 75 63
75 64 32
64 76 12
76 64 100
64 77 33
77 64 49
64 78 18
78 64 29
64 79 59
79 64 58
64 80 75
80 64 63
64 81 31
81 64 59
64 82 95
82 64 11
64 83 53
83 64 25
64 84 23
84 64 18
64 85 50
85 64 8
64 86 81
86 64 98
64 87 91
87 64 29
64 88 57
88 64 87
64 89 75
89 64 18
64 90 4
90 64 93
64 91 43
91 64 3
64 92 52
92 64 34
64 93 93
93 64 66
64 94 36
94 64 2
64 95 18
95 64 42
64 96 16
96 64 37
64 97 33
97 64 86
64 98 71
98 64 11
64 99 32
99 64 42
65 67 10
67 65 74
65 68 94
68 65 82
65 69 38
69 65 25
65 70 60
70 65 8
65 71 0
71 65 75
65 72 16
72 65 73
65 73 76
73 65 27
65 74 83
74 65 19
65 75 82
75 65 46
65 76 63
76 65 47
65 77 3
77 65 62
65 78 27
78 65 63
65 79 67
79 65 53
65 80 31
80 65 1
65 81 9
81 65 16
65 82 78
82 65 76
65 83 38
83 65 61
65 84 94
84 65 44
65 85 24
85 65 65
65 86 29
86 65 28
65 87 53
87 65 50
65 88 52
88 65 94
65 89 40
89 65 95
65 90 19
90 65 30
65 91 22
91 65 74
65 92 23
92 65 31
65 93 11
93 65 35
65 94 46
94 65 69
65 95 26
95 65 52
65 96 41
96 65 93
65 97 76
97 65 36
65 98 89
98 65 87
65 99 76
99 65 32
66 69 98
69 66 10
66 70 62
70 66 3
66 71 60
71 66 72
66 72 4
72 66 97
66 73 18
73 66 85
66 74 18
74 66 19
66 75 69
75 66 74
66 76 52
76 66 76
66 77 73
77 66 4
66 78 100
78 66 70
66 79 13
79 66 94
66 80 33
80 66 49
66 81 19
81 66 86
66 82 12
82 66 83
66 83 11
83 66 83
66 84 24
84 66 73
66 85 15
85 66 14
66 86 70
86 66 67
66 87 31
87 66 98
66 88 87
88 66 24
66 89 67
89 66 77
66 90 36
90 66 22
66 91 37
91 66 50
66 92 81
92 66 85
66 93 72
93 66 91
66 94 17
94 66 66
66 95 81
95 66 3
66 96 46
96 66 14
66 97 42
97 66 6
66 98 65
98 66 16
66 99 35
99 66 47
67 68 7
68 67 79
67 70 30
70 67 87
67 71 97
71 67 65
67 72 57
72 67 76
67 73 50
73 67 11
67 74 60
74 67 93
67 75 24
75 67 66
67 76 64
76 67 0
67 77 98
77 67 28
67 78 39
78 67 82
67 79 95
79 67 61
67 80 58
80 67 61
67 81 43
81 67 74
67 82 26
82 67 5
67 83 69
83 67 78
67 84 14
84 67 57
67 85 6
85 67 39
67 86 77
86 67 13
67 87 72
87 67 8
67 88 58
88 67 2
67 89 86
89 67 78
67 90 85
90 67 94
67 91 45
91 67 25
67 92 65
92 67 19
67 93 30
93 67 1
67 94 14
94 67 30
67 95 55
95 67 16
67 96 61
96 67 50
67 97 54
97 67 29
67 98 98
98 67 9
67 99 10
99 67 68
68 70 63
70 68 88
68 71 35
71 68 60
68 72 64
72 68 56
68 73 79
73 68 57
68 74 45
74 68 79
68 75 10
75 68 5
68 76 71
76 68 70
68 77 4
77 68 15
68 78 74
78 68 91
68 79 69
79 68 75
68 80 37
80 68 97
68 81 79
81 68 69
68 82 11
82 68 48
68 83 66
83 68 51
68 84 40
84 68 39
68 85 94
85 68 72
68 86 69
86 68 94
68 87 16
87 68 24
68 88 64
88 68 31
68 89 56
89 68 42
68 90 6
90 68 76
68 91 46
91 68 80
68 92 47
92 68 65
68 93 49
93 68 14
68 94 88
94 68 89
68 95 18
95 68 60
68 96 96
96 68 2
68 97 26
97 68 33
68 98 45
98 68 83
68 99 34
99 68 24
69 71 68
71 69 6
69 72 30
72 69 82
69 73 3
73 69 37
69 74 61
74 69 66
69 75 54
75 69 66
69 76 67
76 69 34
69 77 61
77 69 35
69 78 41
78 69 44
69 79 7
79 69 8
69 80 73
80 69 51
69 81 95
81 69 44
69 82 48
82 69 16
69 83 50
83 69 21
69 84 53
84 69 47
69 85 69
85 69 6
69 86 8
86 69 27
69 87 17
87 69 88
69 88 79
88 69 95
69 89 47
89 69 65
69 90 45
90 69 45
69 91 78
91 69 63
69 92 19
92 69 83
69 93 57
93 69 41
69 94 77
94 69 4
69 95 58
95 69 48
69 96 45
96 69 24
69 97 53
97 69 23
69 98 57
98 69 9
69 99 88
99 69 48
70 72 33
72 70 52
70 73 22
73 70 97
70 74 62
74 70 93
70 75 30
75 70 1
70 76 18
76 70 98
70 77 13
77 70 43
70 78 25
78 70 97
70 79 72
79 70 90
70 80 55
80 70 40
70 81 23
81 70 21
70 82 19
82 70 86
70 83 75
83 70 5
70 84 66
84 70 52
70 85 51
85 70 97
70 86 99
86 70 56
70 87 63
87 70 70
70 88 95
88 70 7
70 89 10
89 70 61
70 90 89
90 70 93
70 91 61
91 70 17
70 92 23
92 70 10
70 93 63
93 70 37
70 94 85
94 70 65
70 95 88
95 70 38
70 96 38
96 70 55
70 97 75
97 70 19
70 98 47
98 70 67
70 99 7
99 70 79
71 73 75
73 71 15
71 74 74
74 71 66
71 75 81
75 71 48
71 76 13
76 71 33
71 77 10
77 71 45
71 78 39
78 71 86
71 79 97
79 71 72
71 80 90
80 71 35
71 81 12
81 71 52
71 82 93
82 71 92
71 83 6
83 71 99
71 84 37
84 71 58
71 85 11
85 71 87
71 86 14
86 71 22
71 87 5
87 71 55
71 88 14
88 71 34
71 89 75
89 71 15
71 90 32
90 71 12
71 91 88
91 71 83
71 92 74
92 71 47
71 93 83
93 71 75
71 94 90
94 71 51
71 95 89
95 71 72
71 96 65
96 71 35
71 97 95
97 71 78
71 98 89
98 71 5
71 99 30
99 71 83
72 75 56
75 72 50
72 76 15
76 72 20
72 77 12
77 72 49
72 78 24
78 72 86
72 79 22
79 72 97
72 80 77
80 72 5
72 81 25
81 72 30
72 82 47
82 72 67
72 83 25
83 72 70
72 84 69
84 72 78
72 85 52
85 72 5
72 86 3
86 72 17
72 87 74
87 72 33
72 88 88
88 72 24
72 89 99
89 72 30
72 90 4
90 72 39
72 91 91
91 72 93
72 92 44
92 72 65
72 93 66
93 72 26
72 94 28
94 72 44
72 95 43
95 72 58
72 96 47
96 72 12
72 97 47
97 72 78
72 98 3
98 72 92
72 99 40
99 72 29
73 74 62
74 73 22
73 76 46
76 73 83
73 77 27
77 73 15
73 78 63
78 73 96
73 79 39
79 73 62
73 80 3
80 73 58
73 81 38
81 73 21
73 82 34
82 73 47
73 83 93
83 73 84
73 84 9
84 73 27
73 85 18
85 73 5
73 86 59
86 73 78
73 87 95
87 73 36
73 88 44
88 73 47
73 89 58
89 73 84
73 90 84
90 73 43
73 91 85
91 73 38
73 92 44
92 73 38
73 93 37
93 73 59
73 94 10
94 73 90
73 95 6
95 73 78
73 96 66
96 73 19
73 97 28
97 73 39
73 98 59
98 73 91
73 99 8
99 73 97
74 76 97
76 74 79
74 77 46
77 74 55
74 78 80
78 74 6
74 79 25
79 74 27
74 80 9
80 74 80
74 81 57
81 74 46
74 82 94
82 74 10
74 83 96
83 74 94
74 84 32
84 74 87
74 85 25
85 74 79
74 86 22
86 74 83
74 87 67
87 74 20
74 88 59
88 74 67
74 89 63
89 74 17
74 90 54
90 74 36
74 91 54
91 74 11
74 92 80
92 74 91
74 93 39
93 74 62
74 94 79
94 74 9
74 95 91
95 74 30
74 96 38
96 74 38
74 97 80
97 74 18
74 98 9
98 74 60
74 99 7
99 74 64
75 77 32
77 75 76
75 78 4
78 75 21
75 79 2
79 75 92
75 80 97
80 75 52
75 81 78
81 75 13
75 82 39
82 75 73
75 83 42
83 75 46
75 84 62
84 75 73
75 85 64
85 75 43
75 86 61
86 75 74
75 87 2
87 75 67
75 88 68
88 75 74
75 89 19
89 75 96
75 90 40
90 75 67
75 91 91
91 75 76
75 92 62
92 75 51
75 93 24
93 75 92
75 94 16
94 75 1
75 95 26
95 75 85
75 96 43
96 75 65
75 97 37
97 75 47
75 98 89
98 75 57
75 99 95
99 75 73
76 79 48
79 76 33
76 80 39
80 76 17
76 81 47
81 76 72
76 82 11
82 76 7
76 83 9
83 76 24
76 84 8
84 76 69
76 85 79
85 76 3
76 86 4
86 76 77
76 87 2
87 76 77
76 88 79
88 76 26
76 89 77
89 76 79
76 90 86
90 76 37
76 91 31
91 76 75
76 92 43
92 76 6
76 93 96
93 76 7
76 94 94
94 76 34
76 95 41
95 76 94
76 96 78
96 76 7
76 97 74
97 76 35
76 98 34
98 76 36
76 99 9
99 76 89
77 78 20
78 77 95
77 80 8
80 77 78
77 81 7
81 77 47
77 82 74
82 77 26
77 83 76
83 77 79
77 84 99
84 77 85
77 85 24
85 77 15
77 86 81
86 77 88
77 87 56
87 77 69
77 88 73
88 77 31
77 89 3
89 77 79
77 90 97
90 77 68
77 91 51
91 77 63
77 92 22
92 77 86
77 93 20
93 77 84
77 94 65
94 77 57
77 95 24
95 77 58
77 96 96
96 77 34
77 97 27
97 77 97
77 98 81
98 77 56
77 99 14
99 77 18
78 80 4
80 78 10
78 81 14
81 78 33
78 82 75
82 78 78
78 83 22
83 78 21
78 84 51
84 78 7
78 85 42
85 78 74
78 86 38
86 78 46
78 87 54
87 78 32
78 88 51
88 78 32
78 89 31
89 78 73
78 90 84
90 78 94
78 91 8
91 78 1
78 92 10
92 78 38
78 93 53
93 78 49
78 94 15
94 78 63
78 95 84
95 78 41
78 96 16
96 78 46
78 97 51
97 78 39
78 98 87
98 78 67
78 99 14
99 78 18
79 82 28
82 79 64
79 83 36
83 79 99
79 84 56
84 79 14
79 85 65
85 79 50
79 86 15
86 79 6
79 87 79
87 79 2
79 88 71
88 79 6
79 89 92
89 79 88
79 90 13
90 79 54
79 91 81
91 79 12
79 92 71
92 79 85
79 93 51
93 79 28
79 94 47
94 79 88
79 95 29
95 79 15
79 96 47
96 79 96
79 97 33
97 79 30
79 98 76
98 79 53
79 99 82
99 79 62
80 81 66
81 80 2
80 83 38
83 80 29
80 84 6
84 80 99
80 85 80
85 80 81
80 86 62
86 80 46
80 87 16
87 80 9
80 88 82
88 80 39
80 89 63
89 80 73
80 90 9
90 80 95
80 91 64
91 80 84
80 92 22
92 80 42
80 93 30
93 80 6
80 94 38
94 80 30
80 95 66
95 80 72
80 96 7
96 80 73
80 97 22
97 80 84
80 98 36
98 80 65
80 99 90
99 80 87
81 83 62
83 81 46
81 84 42
84 81 15
81 85 17
85 81 98
81 86 34
86 81 32
81 87 48
87 81 22
81 88 17
88 81 30
81 89 51
89 81 41
81 90 47
90 81 31
81 91 38
91 81 82
81 92 37
92 81 75
81 93 25
93 81 45
81 94 27
94 81 21
81 95 58
95 81 24
81 96 13
96 81 97
81 97 5
97 81 96
81 98 91
98 81 67
81 99 59
99 81 7
82 85 86
85 82 3
82 86 86
86 82 7
82 87 36
87 82 2
82 88 32
88 82 17
82 89 0
89 82 64
82 90 56
90 82 69
82 91 91
91 82 55
82 92 49
92 82 98
82 93 27
93 82 14
82 94 68
94 82 74
82 95 53
95 82 8
82 96 5
96 82 40
82 97 60
97 82 83
82 98 84
98 82 71
82 99 46
99 82 9
83 84 8
84 83 25
83 86 92
86 83 12
83 87 90
87 83 25
83 88 25
88 83 31
83 89 99
89 83 34
83 90 40
90 83 99
83 91 74
91 83 42
83 92 96
92 83 11
83 93 2
93 83 17
83 94 4
94 83 0
83 95 1
95 83 9
83 96 92
96 83 93
83 97 11
97 83 98
83 98 95
98 83 39
83 99 32
99 83 86
84 86 4
86 84 96
84 87 94
87 84 87
84 88 100
88 84 82
84 89 84
89 84 22
84 90 48
90 84 59
84 91 73
91 84 62
84 92 66
92 84 66
84 93 56
93 84 53
84 94 8
94 84 8
84 95 93
95 84 62
84 96 47
96 84 9
84 97 3
97 84 15
84 98 84
98 84 12
84 99 86
99 84 24
85 87 21
87 85 79
85 88 78
88 85 23
85 89 81
89 85 22
85 90 85
90 85 5
85 91 46
91 85 65
85 92 64
92 85 32
85 93 44
93 85 41
85 94 79
94 85 41
85 95 96
95 85 85
85 96 60
96 85 33
85 97 79
97 85 33
85 98 1
98 85 82
85 99 69
99 85 59
86 88 22
88 86 16
86 89 45
89 86 32
86 90 99
90 86 77
86 91 14
91 86 96
86 92 75
92 86 75
86 93 91
93 86 12
86 94 71
94 86 51
86 95 81
95 86 86
86 96 96
96 86 84
86 97 58
97 86 6
86 98 66
98 86 1
86 99 48
99 86 50
87 89 24
89 87 21
87 90 47
90 87 3
87 91 23
91 87 17
87 92 62
92 87 81
87 93 68
93 87 73
87 94 69
94 87 3
87 95 82
95 87 67
87 96 17
96 87 68
87 97 23
97 87 32
87 98 75
98 87 19
87 99 61
99 87 39
88 91 32
91 88 87
88 92 18
92 88 67
88 93 41
93 88 2
88 94 77
94 88 99
88 95 57
95 88 71
88 96 25
96 88 11
88 97 81
97 88 34
88 98 63
98 88 16
88 99 56
99 88 36
89 90 79
90 89 16
89 91 97
91 89 13
89 93 9
93 89 75
89 94 8
94 89 45
89 95 13
95 89 55
89 96 6
96 89 65
89 97 49
97 89 7
89 98 18
98 89 73
89 99 14
99 89 36
90 92 20
92 90 84
90 93 78
93 90 97
90 94 33
94 90 88
90 95 73
95 90 83
90 96 80
96 90 13
90 97 79
97 90 74
90 98 89
98 90 40
90 99 43
99 90 96
91 93 40
93 91 45
91 94 20
94 91 59
91 95 46
95 91 15
91 96 57
96 91 9
91 97 87
97 91 96
91 98 58
98 91 26
91 99 84
99 91 30
92 94 71
94 92 61
92 95 29
95 92 25
92 96 51
96 92 74
92 97 74
97 92 35
92 98 58
98 92 20
92 99 74
99 92 48
93 95 3
95 93 83
93 96 26
96 93 36
93 97 85
97 93 23
93 98 73
98 93 59
93 99 88
99 93 24
94 96 78
96 94 65
94 97 17
97 94 51
94 98 60
98 94 54
94 99 92
99 94 48
95 97 45
97 95 30
95 98 38
98 95 46
95 99 95
99 95 84
96 99 67
99 96 12
97 98 87
98 97 45
98 99 46
99 98 21
