20
153
74
0 1
0 2
0 3
0 5
0 6
0 9
0 12
0 14
0 15
0 16
0 17
0 18
0 19
1 2
1 3
1 4
1 7
1 8
1 10
1 11
1 12
1 13
1 14
1 16
1 17
1 19
2 4
2 5
2 6
2 7
2 8
2 9
2 10
2 11
2 12
2 14
2 15
2 17
2 18
2 19
3 4
3 5
3 6
3 7
3 8
3 10
3 11
3 12
3 14
3 15
3 17
3 18
3 19
4 5
4 7
4 8
4 9
4 10
4 12
4 13
4 15
4 16
4 17
4 18
4 19
5 6
5 7
5 8
5 9
5 10
5 11
5 14
5 15
5 16
5 18
5 19
6 7
6 8
6 9
6 10
6 11
6 13
6 14
6 15
6 16
6 17
6 18
7 8
7 9
7 11
7 12
7 13
7 14
7 15
7 17
7 18
8 9
8 10
8 12
8 14
8 15
8 16
8 17
8 18
8 19
9 10
9 12
9 13
9 14
9 15
9 16
9 17
9 18
9 19
10 11
10 12
10 14
10 15
10 16
10 17
10 18
10 19
11 12
11 13
11 14
11 15
11 16
11 18
11 19
12 14
12 15
12 17
12 18
12 19
13 14
13 15
13 16
13 17
13 18
13 19
14 15
14 16
14 17
14 18
15 16
15 17
15 18
15 19
16 17
16 18
16 19
17 19
18 19
0 4 65
4 0 32
0 7 40
7 0 71
0 8 96
8 0 69
0 10 82
10 0 16
0 11 95
11 0 37
0 13 5
13 0 81
1 5 57
5 1 54
1 6 81
6 1 63
1 9 73
9 1 99
1 15 65
15 1 77
1 18 70
18 1 61
2 3 37
3 2 74
2 13 7
13 2 34
2 16 1
16 2 51
3 9 9
9 3 24
3 13 94
13 3 57
3 16 32
16 3 55
4 6 85
6 4 38
4 11 2
11 4 77
4 14 2
14 4 52
5 12 49
12 5 26
5 13 20
13 5 28
5 17 97
17 5 86
6 12 10
12 6 59
6 19 84
19 6 72
7 10 25
10 7 85
7 16 16
16 7 61
7 19 100
19 7 11
8 11 11
11 8 62
8 13 68
13 8 14
9 11 100
11 9 61
10 13 40
13 10 63
11 17 62
17 11 94
12 13 94
13 12 31
12 16 4
16 12 61
14 19 82
19 14 20
17 18 35
18 17 76
